Z	X	Z2	Grid Value
0	60	0	
0.1	60	-0.1	
0.2	60	-0.2	
0.3	60	-0.3	
0.4	60	-0.4	
0.5	60	-0.5	
0.6	60	-0.6	
0.7	60	-0.7	
0.8	60	-0.8	
0.9	60	-0.9	
1	60	-1	1.28
1.1	60	-1.1	1.283
1.2	60	-1.2	1.286
1.3	60	-1.3	1.289
1.4	60	-1.4	1.292
1.5	60	-1.5	1.295
1.6	60	-1.6	1.298
1.7	60	-1.7	1.301
1.8	60	-1.8	1.304
1.9	60	-1.9	1.307
2	60	-2	1.31
2.1	60	-2.1	1.312
2.2	60	-2.2	1.314
2.3	60	-2.3	1.316
2.4	60	-2.4	1.318
2.5	60	-2.5	1.32
2.6	60	-2.6	1.322
2.7	60	-2.7	1.324
2.8	60	-2.8	1.326
2.9	60	-2.9	1.328
3	60	-3	1.33
3.1	60	-3.1	1.331
3.2	60	-3.2	1.332
3.3	60	-3.3	1.333
3.4	60	-3.4	1.334
3.5	60	-3.5	1.335
3.6	60	-3.6	1.336
3.7	60	-3.7	1.337
3.8	60	-3.8	1.338
3.9	60	-3.9	1.339
4	60	-4	1.34
4.1	60	-4.1	1.34
4.2	60	-4.2	1.34
4.3	60	-4.3	1.34
4.4	60	-4.4	1.34
4.5	60	-4.5	1.34
4.6	60	-4.6	1.34
4.7	60	-4.7	1.34
4.8	60	-4.8	1.34
4.9	60	-4.9	1.34
5	60	-5	1.34
5.1	60	-5.1	1.34
5.2	60	-5.2	1.34
5.3	60	-5.3	1.34
5.4	60	-5.4	1.34
5.5	60	-5.5	1.34
5.6	60	-5.6	1.34
5.7	60	-5.7	1.34
5.8	60	-5.8	1.34
5.9	60	-5.9	1.34
6	60	-6	1.34
6.1	60	-6.1	1.342
6.2	60	-6.2	1.344
6.3	60	-6.3	1.346
6.4	60	-6.4	1.348
6.5	60	-6.5	1.35
6.6	60	-6.6	1.352
6.7	60	-6.7	1.354
6.8	60	-6.8	1.356
6.9	60	-6.9	1.358
7	60	-7	1.36
7.1	60	-7.1	1.361
7.2	60	-7.2	1.362
7.3	60	-7.3	1.363
7.4	60	-7.4	1.364
7.5	60	-7.5	1.365
7.6	60	-7.6	1.366
7.7	60	-7.7	1.367
7.8	60	-7.8	1.368
7.9	60	-7.9	1.369
8	60	-8	1.37
8.1	60	-8.1	1.372
8.2	60	-8.2	1.374
8.3	60	-8.3	1.376
8.4	60	-8.4	1.378
8.5	60	-8.5	1.38
8.6	60	-8.6	1.382
8.7	60	-8.7	1.384
8.8	60	-8.8	1.386
8.9	60	-8.9	1.388
9	60	-9	1.39
9.1	60	-9.1	1.39
9.2	60	-9.2	1.39
9.3	60	-9.3	1.39
9.4	60	-9.4	1.39
9.5	60	-9.5	1.39
9.6	60	-9.6	1.39
9.7	60	-9.7	1.39
9.8	60	-9.8	1.39
9.9	60	-9.9	1.39
10	60	-10	1.39
10.1	60	-10.1	1.39
10.2	60	-10.2	1.39
10.3	60	-10.3	1.39
10.4	60	-10.4	1.39
10.5	60	-10.5	1.39
10.6	60	-10.6	1.39
10.7	60	-10.7	1.39
10.8	60	-10.8	1.39
10.9	60	-10.9	1.39
11	60	-11	1.39
11.1	60	-11.1	1.392
11.2	60	-11.2	1.394
11.3	60	-11.3	1.396
11.4	60	-11.4	1.398
11.5	60	-11.5	1.4
11.6	60	-11.6	1.402
11.7	60	-11.7	1.404
11.8	60	-11.8	1.406
11.9	60	-11.9	1.408
12	60	-12	1.41
12.1	60	-12.1	1.412
12.2	60	-12.2	1.414
12.3	60	-12.3	1.416
12.4	60	-12.4	1.418
12.5	60	-12.5	1.42
12.6	60	-12.6	1.422
12.7	60	-12.7	1.424
12.8	60	-12.8	1.426
12.9	60	-12.9	1.428
13	60	-13	1.43
13.1	60	-13.1	1.432
13.2	60	-13.2	1.434
13.3	60	-13.3	1.436
13.4	60	-13.4	1.438
13.5	60	-13.5	1.44
13.6	60	-13.6	1.442
13.7	60	-13.7	1.444
13.8	60	-13.8	1.446
13.9	60	-13.9	1.448
14	60	-14	1.45
14.1	60	-14.1	1.452
14.2	60	-14.2	1.454
14.3	60	-14.3	1.456
14.4	60	-14.4	1.458
14.5	60	-14.5	1.46
14.6	60	-14.6	1.462
14.7	60	-14.7	1.464
14.8	60	-14.8	1.466
14.9	60	-14.9	1.468
15	60	-15	1.47
15.1	60	-15.1	1.473
15.2	60	-15.2	1.476
15.3	60	-15.3	1.479
15.4	60	-15.4	1.482
15.5	60	-15.5	1.485
15.6	60	-15.6	1.488
15.7	60	-15.7	1.491
15.8	60	-15.8	1.494
15.9	60	-15.9	1.497
16	60	-16	1.5
16.1	60	-16.1	1.503
16.2	60	-16.2	1.506
16.3	60	-16.3	1.509
16.4	60	-16.4	1.512
16.5	60	-16.5	1.515
16.6	60	-16.6	1.518
16.7	60	-16.7	1.521
16.8	60	-16.8	1.524
16.9	60	-16.9	1.527
17	60	-17	1.53
17.1	60	-17.1	1.534
17.2	60	-17.2	1.538
17.3	60	-17.3	1.542
17.4	60	-17.4	1.546
17.5	60	-17.5	1.55
17.6	60	-17.6	1.554
17.7	60	-17.7	1.558
17.8	60	-17.8	1.562
17.9	60	-17.9	1.566
18	60	-18	1.57
18.1	60	-18.1	1.576
18.2	60	-18.2	1.582
18.3	60	-18.3	1.588
18.4	60	-18.4	1.594
18.5	60	-18.5	1.6
18.6	60	-18.6	1.606
18.7	60	-18.7	1.612
18.8	60	-18.8	1.618
18.9	60	-18.9	1.624
19	60	-19	1.63
19.1	60	-19.1	1.635
19.2	60	-19.2	1.64
19.3	60	-19.3	1.645
19.4	60	-19.4	1.65
19.5	60	-19.5	1.655
19.6	60	-19.6	1.66
19.7	60	-19.7	1.665
19.8	60	-19.8	1.67
19.9	60	-19.9	1.675
20	60	-20	1.68
20.1	60	-20.1	1.684
20.2	60	-20.2	1.688
20.3	60	-20.3	1.692
20.4	60	-20.4	1.696
20.5	60	-20.5	1.7
20.6	60	-20.6	1.704
20.7	60	-20.7	1.708
20.8	60	-20.8	1.712
20.9	60	-20.9	1.716
21	60	-21	1.72
21.1	60	-21.1	1.722
21.2	60	-21.2	1.724
21.3	60	-21.3	1.726
21.4	60	-21.4	1.728
21.5	60	-21.5	1.73
21.6	60	-21.6	1.732
21.7	60	-21.7	1.734
21.8	60	-21.8	1.736
21.9	60	-21.9	1.738
22	60	-22	1.74
22.1	60	-22.1	1.741
22.2	60	-22.2	1.742
22.3	60	-22.3	1.743
22.4	60	-22.4	1.744
22.5	60	-22.5	1.745
22.6	60	-22.6	1.746
22.7	60	-22.7	1.747
22.8	60	-22.8	1.748
22.9	60	-22.9	1.749
23	60	-23	1.75
23.1	60	-23.1	1.751
23.2	60	-23.2	1.752
23.3	60	-23.3	1.753
23.4	60	-23.4	1.754
23.5	60	-23.5	1.755
23.6	60	-23.6	1.756
23.7	60	-23.7	1.757
23.8	60	-23.8	1.758
23.9	60	-23.9	1.759
24	60	-24	1.76
24.1	60	-24.1	1.762
24.2	60	-24.2	1.764
24.3	60	-24.3	1.766
24.4	60	-24.4	1.768
24.5	60	-24.5	1.77
24.6	60	-24.6	1.772
24.7	60	-24.7	1.774
24.8	60	-24.8	1.776
24.9	60	-24.9	1.778
25	60	-25	1.78
25.1	60	-25.1	1.783
25.2	60	-25.2	1.786
25.3	60	-25.3	1.789
25.4	60	-25.4	1.792
25.5	60	-25.5	1.795
25.6	60	-25.6	1.798
25.7	60	-25.7	1.801
25.8	60	-25.8	1.804
25.9	60	-25.9	1.807
26	60	-26	1.81
26.1	60	-26.1	1.814
26.2	60	-26.2	1.818
26.3	60	-26.3	1.822
26.4	60	-26.4	1.826
26.5	60	-26.5	1.83
26.6	60	-26.6	1.834
26.7	60	-26.7	1.838
26.8	60	-26.8	1.842
26.9	60	-26.9	1.846
27	60	-27	1.85
27.1	60	-27.1	1.854
27.2	60	-27.2	1.858
27.3	60	-27.3	1.862
27.4	60	-27.4	1.866
27.5	60	-27.5	1.87
27.6	60	-27.6	1.874
27.7	60	-27.7	1.878
27.8	60	-27.8	1.882
27.9	60	-27.9	1.886
28	60	-28	1.89
28.1	60	-28.1	1.896
28.2	60	-28.2	1.902
28.3	60	-28.3	1.908
28.4	60	-28.4	1.914
28.5	60	-28.5	1.92
28.6	60	-28.6	1.926
28.7	60	-28.7	1.932
28.8	60	-28.8	1.938
28.9	60	-28.9	1.944
29	60	-29	1.95
29.1	60	-29.1	1.952
29.2	60	-29.2	1.954
29.3	60	-29.3	1.956
29.4	60	-29.4	1.958
29.5	60	-29.5	1.96
29.6	60	-29.6	1.962
29.7	60	-29.7	1.964
29.8	60	-29.8	1.966
29.9	60	-29.9	1.968
30	60	-30	1.97
30.1	60	-30.1	1.969
30.2	60	-30.2	1.968
30.3	60	-30.3	1.967
30.4	60	-30.4	1.966
30.5	60	-30.5	1.965
30.6	60	-30.6	1.964
30.7	60	-30.7	1.963
30.8	60	-30.8	1.962
30.9	60	-30.9	1.961
31	60	-31	1.96
31.1	60	-31.1	1.96
31.2	60	-31.2	1.96
31.3	60	-31.3	1.96
31.4	60	-31.4	1.96
31.5	60	-31.5	1.96
31.6	60	-31.6	1.96
31.7	60	-31.7	1.96
31.8	60	-31.8	1.96
31.9	60	-31.9	1.96
32	60	-32	1.96
32.1	60	-32.1	1.962
32.2	60	-32.2	1.964
32.3	60	-32.3	1.966
32.4	60	-32.4	1.968
32.5	60	-32.5	1.97
32.6	60	-32.6	1.972
32.7	60	-32.7	1.974
32.8	60	-32.8	1.976
32.9	60	-32.9	1.978
33	60	-33	1.98
33.1	60	-33.1	1.981
33.2	60	-33.2	1.982
33.3	60	-33.3	1.983
33.4	60	-33.4	1.984
33.5	60	-33.5	1.985
33.6	60	-33.6	1.986
33.7	60	-33.7	1.987
33.8	60	-33.8	1.988
33.9	60	-33.9	1.989
34	60	-34	1.99
34.1	60	-34.1	1.99
34.2	60	-34.2	1.99
34.3	60	-34.3	1.99
34.4	60	-34.4	1.99
34.5	60	-34.5	1.99
34.6	60	-34.6	1.99
34.7	60	-34.7	1.99
34.8	60	-34.8	1.99
34.9	60	-34.9	1.99
35	60	-35	1.99
35.1	60	-35.1	1.991
35.2	60	-35.2	1.992
35.3	60	-35.3	1.993
35.4	60	-35.4	1.994
35.5	60	-35.5	1.995
35.6	60	-35.6	1.996
35.7	60	-35.7	1.997
35.8	60	-35.8	1.998
35.9	60	-35.9	1.999
36	60	-36	2
36.1	60	-36.1	2.003
36.2	60	-36.2	2.006
36.3	60	-36.3	2.009
36.4	60	-36.4	2.012
36.5	60	-36.5	2.015
36.6	60	-36.6	2.018
36.7	60	-36.7	2.021
36.8	60	-36.8	2.024
36.9	60	-36.9	2.027
37	60	-37	2.03
37.1	60	-37.1	2.031
37.2	60	-37.2	2.032
37.3	60	-37.3	2.033
37.4	60	-37.4	2.034
37.5	60	-37.5	2.035
37.6	60	-37.6	2.036
37.7	60	-37.7	2.037
37.8	60	-37.8	2.038
37.9	60	-37.9	2.039
38	60	-38	2.04
38.1	60	-38.1	2.037
38.2	60	-38.2	2.034
38.3	60	-38.3	2.031
38.4	60	-38.4	2.028
38.5	60	-38.5	2.025
38.6	60	-38.6	2.022
38.7	60	-38.7	2.019
38.8	60	-38.8	2.016
38.9	60	-38.9	2.013
39	60	-39	2.01
39.1	60	-39.1	2.004
39.2	60	-39.2	1.998
39.3	60	-39.3	1.992
39.4	60	-39.4	1.986
39.5	60	-39.5	1.98
39.6	60	-39.6	1.974
39.7	60	-39.7	1.968
39.8	60	-39.8	1.962
39.9	60	-39.9	1.956
40	60	-40	1.95
40.1	60	-40.1	1.947
40.2	60	-40.2	1.944
40.3	60	-40.3	1.941
40.4	60	-40.4	1.938
40.5	60	-40.5	1.935
40.6	60	-40.6	1.932
40.7	60	-40.7	1.929
40.8	60	-40.8	1.926
40.9	60	-40.9	1.923
41	60	-41	1.92
41.1	60	-41.1	1.923
41.2	60	-41.2	1.926
41.3	60	-41.3	1.929
41.4	60	-41.4	1.932
41.5	60	-41.5	1.935
41.6	60	-41.6	1.938
41.7	60	-41.7	1.941
41.8	60	-41.8	1.944
41.9	60	-41.9	1.947
42	60	-42	1.95
42.1	60	-42.1	1.954
42.2	60	-42.2	1.958
42.3	60	-42.3	1.962
42.4	60	-42.4	1.966
42.5	60	-42.5	1.97
42.6	60	-42.6	1.974
42.7	60	-42.7	1.978
42.8	60	-42.8	1.982
42.9	60	-42.9	1.986
43	60	-43	1.99
43.1	60	-43.1	1.991
43.2	60	-43.2	1.992
43.3	60	-43.3	1.993
43.4	60	-43.4	1.994
43.5	60	-43.5	1.995
43.6	60	-43.6	1.996
43.7	60	-43.7	1.997
43.8	60	-43.8	1.998
43.9	60	-43.9	1.999
44	60	-44	2
44.1	60	-44.1	1.999
44.2	60	-44.2	1.998
44.3	60	-44.3	1.997
44.4	60	-44.4	1.996
44.5	60	-44.5	1.995
44.6	60	-44.6	1.994
44.7	60	-44.7	1.993
44.8	60	-44.8	1.992
44.9	60	-44.9	1.991
45	60	-45	1.99
45.1	60	-45.1	1.991
45.2	60	-45.2	1.992
45.3	60	-45.3	1.993
45.4	60	-45.4	1.994
45.5	60	-45.5	1.995
45.6	60	-45.6	1.996
45.7	60	-45.7	1.997
45.8	60	-45.8	1.998
45.9	60	-45.9	1.999
46	60	-46	2
46.1	60	-46.1	2.005
46.2	60	-46.2	2.01
46.3	60	-46.3	2.015
46.4	60	-46.4	2.02
46.5	60	-46.5	2.025
46.6	60	-46.6	2.03
46.7	60	-46.7	2.035
46.8	60	-46.8	2.04
46.9	60	-46.9	2.045
47	60	-47	2.05
47.1	60	-47.1	2.053
47.2	60	-47.2	2.056
47.3	60	-47.3	2.059
47.4	60	-47.4	2.062
47.5	60	-47.5	2.065
47.6	60	-47.6	2.068
47.7	60	-47.7	2.071
47.8	60	-47.8	2.074
47.9	60	-47.9	2.077
48	60	-48	2.08
48.1	60	-48.1	2.079
48.2	60	-48.2	2.078
48.3	60	-48.3	2.077
48.4	60	-48.4	2.076
48.5	60	-48.5	2.075
48.6	60	-48.6	2.074
48.7	60	-48.7	2.073
48.8	60	-48.8	2.072
48.9	60	-48.9	2.071
49	60	-49	2.07
49.1	60	-49.1	2.065
49.2	60	-49.2	2.06
49.3	60	-49.3	2.055
49.4	60	-49.4	2.05
49.5	60	-49.5	2.045
49.6	60	-49.6	2.04
49.7	60	-49.7	2.035
49.8	60	-49.8	2.03
49.9	60	-49.9	2.025
50	60	-50	2.02
50.1	60	-50.1	2.015
50.2	60	-50.2	2.01
50.3	60	-50.3	2.005
50.4	60	-50.4	2
50.5	60	-50.5	1.995
50.6	60	-50.6	1.99
50.7	60	-50.7	1.985
50.8	60	-50.8	1.98
50.9	60	-50.9	1.975
51	60	-51	1.97
51.1	60	-51.1	1.969
51.2	60	-51.2	1.968
51.3	60	-51.3	1.967
51.4	60	-51.4	1.966
51.5	60	-51.5	1.965
51.6	60	-51.6	1.964
51.7	60	-51.7	1.963
51.8	60	-51.8	1.962
51.9	60	-51.9	1.961
52	60	-52	1.96
52.1	60	-52.1	1.964
52.2	60	-52.2	1.968
52.3	60	-52.3	1.972
52.4	60	-52.4	1.976
52.5	60	-52.5	1.98
52.6	60	-52.6	1.984
52.7	60	-52.7	1.988
52.8	60	-52.8	1.992
52.9	60	-52.9	1.996
53	60	-53	2
53.1	60	-53.1	2.006
53.2	60	-53.2	2.012
53.3	60	-53.3	2.018
53.4	60	-53.4	2.024
53.5	60	-53.5	2.03
53.6	60	-53.6	2.036
53.7	60	-53.7	2.042
53.8	60	-53.8	2.048
53.9	60	-53.9	2.054
54	60	-54	2.06
54.1	60	-54.1	2.062
54.2	60	-54.2	2.064
54.3	60	-54.3	2.066
54.4	60	-54.4	2.068
54.5	60	-54.5	2.07
54.6	60	-54.6	2.072
54.7	60	-54.7	2.074
54.8	60	-54.8	2.076
54.9	60	-54.9	2.078
55	60	-55	2.08
55.1	60	-55.1	2.078
55.2	60	-55.2	2.076
55.3	60	-55.3	2.074
55.4	60	-55.4	2.072
55.5	60	-55.5	2.07
55.6	60	-55.6	2.068
55.7	60	-55.7	2.066
55.8	60	-55.8	2.064
55.9	60	-55.9	2.062
56	60	-56	2.06
56.1	60	-56.1	2.055
56.2	60	-56.2	2.05
56.3	60	-56.3	2.045
56.4	60	-56.4	2.04
56.5	60	-56.5	2.035
56.6	60	-56.6	2.03
56.7	60	-56.7	2.025
56.8	60	-56.8	2.02
56.9	60	-56.9	2.015
57	60	-57	2.01
57.1	60	-57.1	2.004
57.2	60	-57.2	1.998
57.3	60	-57.3	1.992
57.4	60	-57.4	1.986
57.5	60	-57.5	1.98
57.6	60	-57.6	1.974
57.7	60	-57.7	1.968
57.8	60	-57.8	1.962
57.9	60	-57.9	1.956
58	60	-58	1.95
58.1	60	-58.1	1.947
58.2	60	-58.2	1.944
58.3	60	-58.3	1.941
58.4	60	-58.4	1.938
58.5	60	-58.5	1.935
58.6	60	-58.6	1.932
58.7	60	-58.7	1.929
58.8	60	-58.8	1.926
58.9	60	-58.9	1.923
59	60	-59	1.92
59.1	60	-59.1	1.92
59.2	60	-59.2	1.92
59.3	60	-59.3	1.92
59.4	60	-59.4	1.92
59.5	60	-59.5	1.92
59.6	60	-59.6	1.92
59.7	60	-59.7	1.92
59.8	60	-59.8	1.92
59.9	60	-59.9	1.92
60	60	-60	1.92
60.1	60	-60.1	1.924
60.2	60	-60.2	1.928
60.3	60	-60.3	1.932
60.4	60	-60.4	1.936
60.5	60	-60.5	1.94
60.6	60	-60.6	1.944
60.7	60	-60.7	1.948
60.8	60	-60.8	1.952
60.9	60	-60.9	1.956
61	60	-61	1.96
61.1	60	-61.1	1.967
61.2	60	-61.2	1.974
61.3	60	-61.3	1.981
61.4	60	-61.4	1.988
61.5	60	-61.5	1.995
61.6	60	-61.6	2.002
61.7	60	-61.7	2.009
61.8	60	-61.8	2.016
61.9	60	-61.9	2.023
62	60	-62	2.03
62.1	60	-62.1	2.034
62.2	60	-62.2	2.038
62.3	60	-62.3	2.042
62.4	60	-62.4	2.046
62.5	60	-62.5	2.05
62.6	60	-62.6	2.054
62.7	60	-62.7	2.058
62.8	60	-62.8	2.062
62.9	60	-62.9	2.066
63	60	-63	2.07
63.1	60	-63.1	2.073
63.2	60	-63.2	2.076
63.3	60	-63.3	2.079
63.4	60	-63.4	2.082
63.5	60	-63.5	2.085
63.6	60	-63.6	2.088
63.7	60	-63.7	2.091
63.8	60	-63.8	2.094
63.9	60	-63.9	2.097
64	60	-64	2.1
64.1	60	-64.1	2.1
64.2	60	-64.2	2.1
64.3	60	-64.3	2.1
64.4	60	-64.4	2.1
64.5	60	-64.5	2.1
64.6	60	-64.6	2.1
64.7	60	-64.7	2.1
64.8	60	-64.8	2.1
64.9	60	-64.9	2.1
65	60	-65	2.1
65.1	60	-65.1	2.097
65.2	60	-65.2	2.094
65.3	60	-65.3	2.091
65.4	60	-65.4	2.088
65.5	60	-65.5	2.085
65.6	60	-65.6	2.082
65.7	60	-65.7	2.079
65.8	60	-65.8	2.076
65.9	60	-65.9	2.073
66	60	-66	2.07
66.1	60	-66.1	2.062
66.2	60	-66.2	2.054
66.3	60	-66.3	2.046
66.4	60	-66.4	2.038
66.5	60	-66.5	2.03
66.6	60	-66.6	2.022
66.7	60	-66.7	2.014
66.8	60	-66.8	2.006
66.9	60	-66.9	1.998
67	60	-67	1.99
67.1	60	-67.1	1.984
67.2	60	-67.2	1.978
67.3	60	-67.3	1.972
67.4	60	-67.4	1.966
67.5	60	-67.5	1.96
67.6	60	-67.6	1.954
67.7	60	-67.7	1.948
67.8	60	-67.8	1.942
67.9	60	-67.9	1.936
68	60	-68	1.93
68.1	60	-68.1	1.926
68.2	60	-68.2	1.922
68.3	60	-68.3	1.918
68.4	60	-68.4	1.914
68.5	60	-68.5	1.91
68.6	60	-68.6	1.906
68.7	60	-68.7	1.902
68.8	60	-68.8	1.898
68.9	60	-68.9	1.894
69	60	-69	1.89
69.1	60	-69.1	1.889
69.2	60	-69.2	1.888
69.3	60	-69.3	1.887
69.4	60	-69.4	1.886
69.5	60	-69.5	1.885
69.6	60	-69.6	1.884
69.7	60	-69.7	1.883
69.8	60	-69.8	1.882
69.9	60	-69.9	1.881
70	60	-70	1.88
70.1	60	-70.1	1.884
70.2	60	-70.2	1.888
70.3	60	-70.3	1.892
70.4	60	-70.4	1.896
70.5	60	-70.5	1.9
70.6	60	-70.6	1.904
70.7	60	-70.7	1.908
70.8	60	-70.8	1.912
70.9	60	-70.9	1.916
71	60	-71	1.92
71.1	60	-71.1	1.93
71.2	60	-71.2	1.94
71.3	60	-71.3	1.95
71.4	60	-71.4	1.96
71.5	60	-71.5	1.97
71.6	60	-71.6	1.98
71.7	60	-71.7	1.99
71.8	60	-71.8	2
71.9	60	-71.9	2.01
72	60	-72	2.02
72.1	60	-72.1	2.031
72.2	60	-72.2	2.042
72.3	60	-72.3	2.053
72.4	60	-72.4	2.064
72.5	60	-72.5	2.075
72.6	60	-72.6	2.086
72.7	60	-72.7	2.097
72.8	60	-72.8	2.108
72.9	60	-72.9	2.119
73	60	-73	2.13
73.1	60	-73.1	2.134
73.2	60	-73.2	2.138
73.3	60	-73.3	2.142
73.4	60	-73.4	2.146
73.5	60	-73.5	2.15
73.6	60	-73.6	2.154
73.7	60	-73.7	2.158
73.8	60	-73.8	2.162
73.9	60	-73.9	2.166
74	60	-74	2.17
74.1	60	-74.1	2.166
74.2	60	-74.2	2.162
74.3	60	-74.3	2.158
74.4	60	-74.4	2.154
74.5	60	-74.5	2.15
74.6	60	-74.6	2.146
74.7	60	-74.7	2.142
74.8	60	-74.8	2.138
74.9	60	-74.9	2.134
75	60	-75	2.13
75.1	60	-75.1	2.129
75.2	60	-75.2	2.128
75.3	60	-75.3	2.127
75.4	60	-75.4	2.126
75.5	60	-75.5	2.125
75.6	60	-75.6	2.124
75.7	60	-75.7	2.123
75.8	60	-75.8	2.122
75.9	60	-75.9	2.121
76	60	-76	2.12
76.1	60	-76.1	2.124
76.2	60	-76.2	2.128
76.3	60	-76.3	2.132
76.4	60	-76.4	2.136
76.5	60	-76.5	2.14
76.6	60	-76.6	2.144
76.7	60	-76.7	2.148
76.8	60	-76.8	2.152
76.9	60	-76.9	2.156
77	60	-77	2.16
77.1	60	-77.1	2.16
77.2	60	-77.2	2.16
77.3	60	-77.3	2.16
77.4	60	-77.4	2.16
77.5	60	-77.5	2.16
77.6	60	-77.6	2.16
77.7	60	-77.7	2.16
77.8	60	-77.8	2.16
77.9	60	-77.9	2.16
78	60	-78	2.16
78.1	60	-78.1	2.158
78.2	60	-78.2	2.156
78.3	60	-78.3	2.154
78.4	60	-78.4	2.152
78.5	60	-78.5	2.15
78.6	60	-78.6	2.148
78.7	60	-78.7	2.146
78.8	60	-78.8	2.144
78.9	60	-78.9	2.142
79	60	-79	2.14
79.1	60	-79.1	2.145
79.2	60	-79.2	2.15
79.3	60	-79.3	2.155
79.4	60	-79.4	2.16
79.5	60	-79.5	2.165
79.6	60	-79.6	2.17
79.7	60	-79.7	2.175
79.8	60	-79.8	2.18
79.9	60	-79.9	2.185
80	60	-80	2.19
80.1	60	-80.1	2.2
80.2	60	-80.2	2.21
80.3	60	-80.3	2.22
80.4	60	-80.4	2.23
80.5	60	-80.5	2.24
80.6	60	-80.6	2.25
80.7	60	-80.7	2.26
80.8	60	-80.8	2.27
80.9	60	-80.9	2.28
81	60	-81	2.29
81.1	60	-81.1	2.29
81.2	60	-81.2	2.29
81.3	60	-81.3	2.29
81.4	60	-81.4	2.29
81.5	60	-81.5	2.29
81.6	60	-81.6	2.29
81.7	60	-81.7	2.29
81.8	60	-81.8	2.29
81.9	60	-81.9	2.29
82	60	-82	2.29
82.1	60	-82.1	2.278
82.2	60	-82.2	2.266
82.3	60	-82.3	2.254
82.4	60	-82.4	2.242
82.5	60	-82.5	2.23
82.6	60	-82.6	2.218
82.7	60	-82.7	2.206
82.8	60	-82.8	2.194
82.9	60	-82.9	2.182
83	60	-83	2.17
83.1	60	-83.1	2.159
83.2	60	-83.2	2.148
83.3	60	-83.3	2.137
83.4	60	-83.4	2.126
83.5	60	-83.5	2.115
83.6	60	-83.6	2.104
83.7	60	-83.7	2.093
83.8	60	-83.8	2.082
83.9	60	-83.9	2.071
84	60	-84	2.06
84.1	60	-84.1	2.056
84.2	60	-84.2	2.052
84.3	60	-84.3	2.048
84.4	60	-84.4	2.044
84.5	60	-84.5	2.04
84.6	60	-84.6	2.036
84.7	60	-84.7	2.032
84.8	60	-84.8	2.028
84.9	60	-84.9	2.024
85	60	-85	2.02
85.1	60	-85.1	2.024
85.2	60	-85.2	2.028
85.3	60	-85.3	2.032
85.4	60	-85.4	2.036
85.5	60	-85.5	2.04
85.6	60	-85.6	2.044
85.7	60	-85.7	2.048
85.8	60	-85.8	2.052
85.9	60	-85.9	2.056
86	60	-86	2.06
86.1	60	-86.1	2.071
86.2	60	-86.2	2.082
86.3	60	-86.3	2.093
86.4	60	-86.4	2.104
86.5	60	-86.5	2.115
86.6	60	-86.6	2.126
86.7	60	-86.7	2.137
86.8	60	-86.8	2.148
86.9	60	-86.9	2.159
87	60	-87	2.17
87.1	60	-87.1	2.186
87.2	60	-87.2	2.202
87.3	60	-87.3	2.218
87.4	60	-87.4	2.234
87.5	60	-87.5	2.25
87.6	60	-87.6	2.266
87.7	60	-87.7	2.282
87.8	60	-87.8	2.298
87.9	60	-87.9	2.314
88	60	-88	2.33
88.1	60	-88.1	2.339
88.2	60	-88.2	2.348
88.3	60	-88.3	2.357
88.4	60	-88.4	2.366
88.5	60	-88.5	2.375
88.6	60	-88.6	2.384
88.7	60	-88.7	2.393
88.8	60	-88.8	2.402
88.9	60	-88.9	2.411
89	60	-89	2.42
89.1	60	-89.1	2.421
89.2	60	-89.2	2.422
89.3	60	-89.3	2.423
89.4	60	-89.4	2.424
89.5	60	-89.5	2.425
89.6	60	-89.6	2.426
89.7	60	-89.7	2.427
89.8	60	-89.8	2.428
89.9	60	-89.9	2.429
90	60	-90	2.43
90.1	60	-90.1	2.431
90.2	60	-90.2	2.432
90.3	60	-90.3	2.433
90.4	60	-90.4	2.434
90.5	60	-90.5	2.435
90.6	60	-90.6	2.436
90.7	60	-90.7	2.437
90.8	60	-90.8	2.438
90.9	60	-90.9	2.439
91	60	-91	2.44
91.1	60	-91.1	2.442
91.2	60	-91.2	2.444
91.3	60	-91.3	2.446
91.4	60	-91.4	2.448
91.5	60	-91.5	2.45
91.6	60	-91.6	2.452
91.7	60	-91.7	2.454
91.8	60	-91.8	2.456
91.9	60	-91.9	2.458
92	60	-92	2.46
92.1	60	-92.1	2.458
92.2	60	-92.2	2.456
92.3	60	-92.3	2.454
92.4	60	-92.4	2.452
92.5	60	-92.5	2.45
92.6	60	-92.6	2.448
92.7	60	-92.7	2.446
92.8	60	-92.8	2.444
92.9	60	-92.9	2.442
93	60	-93	2.44
93.1	60	-93.1	2.433
93.2	60	-93.2	2.426
93.3	60	-93.3	2.419
93.4	60	-93.4	2.412
93.5	60	-93.5	2.405
93.6	60	-93.6	2.398
93.7	60	-93.7	2.391
93.8	60	-93.8	2.384
93.9	60	-93.9	2.377
94	60	-94	2.37
94.1	60	-94.1	2.362
94.2	60	-94.2	2.354
94.3	60	-94.3	2.346
94.4	60	-94.4	2.338
94.5	60	-94.5	2.33
94.6	60	-94.6	2.322
94.7	60	-94.7	2.314
94.8	60	-94.8	2.306
94.9	60	-94.9	2.298
95	60	-95	2.29
95.1	60	-95.1	2.29
95.2	60	-95.2	2.29
95.3	60	-95.3	2.29
95.4	60	-95.4	2.29
95.5	60	-95.5	2.29
95.6	60	-95.6	2.29
95.7	60	-95.7	2.29
95.8	60	-95.8	2.29
95.9	60	-95.9	2.29
96	60	-96	2.29
96.1	60	-96.1	2.297
96.2	60	-96.2	2.304
96.3	60	-96.3	2.311
96.4	60	-96.4	2.318
96.5	60	-96.5	2.325
96.6	60	-96.6	2.332
96.7	60	-96.7	2.339
96.8	60	-96.8	2.346
96.9	60	-96.9	2.353
97	60	-97	2.36
97.1	60	-97.1	2.364
97.2	60	-97.2	2.368
97.3	60	-97.3	2.372
97.4	60	-97.4	2.376
97.5	60	-97.5	2.38
97.6	60	-97.6	2.384
97.7	60	-97.7	2.388
97.8	60	-97.8	2.392
97.9	60	-97.9	2.396
98	60	-98	2.4
98.1	60	-98.1	2.399
98.2	60	-98.2	2.398
98.3	60	-98.3	2.397
98.4	60	-98.4	2.396
98.5	60	-98.5	2.395
98.6	60	-98.6	2.394
98.7	60	-98.7	2.393
98.8	60	-98.8	2.392
98.9	60	-98.9	2.391
99	60	-99	2.39
99.1	60	-99.1	2.392
99.2	60	-99.2	2.394
99.3	60	-99.3	2.396
99.4	60	-99.4	2.398
99.5	60	-99.5	2.4
99.6	60	-99.6	2.402
99.7	60	-99.7	2.404
99.8	60	-99.8	2.406
99.9	60	-99.9	2.408
100	60	-100	2.41
100.1	60	-100.1	2.416
100.2	60	-100.2	2.422
100.3	60	-100.3	2.428
100.4	60	-100.4	2.434
100.5	60	-100.5	2.44
100.6	60	-100.6	2.446
100.7	60	-100.7	2.452
100.8	60	-100.8	2.458
100.9	60	-100.9	2.464
101	60	-101	2.47
101.1	60	-101.1	2.471
101.2	60	-101.2	2.472
101.3	60	-101.3	2.473
101.4	60	-101.4	2.474
101.5	60	-101.5	2.475
101.6	60	-101.6	2.476
101.7	60	-101.7	2.477
101.8	60	-101.8	2.478
101.9	60	-101.9	2.479
102	60	-102	2.48
102.1	60	-102.1	2.473
102.2	60	-102.2	2.466
102.3	60	-102.3	2.459
102.4	60	-102.4	2.452
102.5	60	-102.5	2.445
102.6	60	-102.6	2.438
102.7	60	-102.7	2.431
102.8	60	-102.8	2.424
102.9	60	-102.9	2.417
103	60	-103	2.41
103.1	60	-103.1	2.403
103.2	60	-103.2	2.396
103.3	60	-103.3	2.389
103.4	60	-103.4	2.382
103.5	60	-103.5	2.375
103.6	60	-103.6	2.368
103.7	60	-103.7	2.361
103.8	60	-103.8	2.354
103.9	60	-103.9	2.347
104	60	-104	2.34
104.1	60	-104.1	2.344
104.2	60	-104.2	2.348
104.3	60	-104.3	2.352
104.4	60	-104.4	2.356
104.5	60	-104.5	2.36
104.6	60	-104.6	2.364
104.7	60	-104.7	2.368
104.8	60	-104.8	2.372
104.9	60	-104.9	2.376
105	60	-105	2.38
105.1	60	-105.1	2.39
105.2	60	-105.2	2.4
105.3	60	-105.3	2.41
105.4	60	-105.4	2.42
105.5	60	-105.5	2.43
105.6	60	-105.6	2.44
105.7	60	-105.7	2.45
105.8	60	-105.8	2.46
105.9	60	-105.9	2.47
106	60	-106	2.48
106.1	60	-106.1	2.489
106.2	60	-106.2	2.498
106.3	60	-106.3	2.507
106.4	60	-106.4	2.516
106.5	60	-106.5	2.525
106.6	60	-106.6	2.534
106.7	60	-106.7	2.543
106.8	60	-106.8	2.552
106.9	60	-106.9	2.561
107	60	-107	2.57
107.1	60	-107.1	2.571
107.2	60	-107.2	2.572
107.3	60	-107.3	2.573
107.4	60	-107.4	2.574
107.5	60	-107.5	2.575
107.6	60	-107.6	2.576
107.7	60	-107.7	2.577
107.8	60	-107.8	2.578
107.9	60	-107.9	2.579
108	60	-108	2.58
108.1	60	-108.1	2.574
108.2	60	-108.2	2.568
108.3	60	-108.3	2.562
108.4	60	-108.4	2.556
108.5	60	-108.5	2.55
108.6	60	-108.6	2.544
108.7	60	-108.7	2.538
108.8	60	-108.8	2.532
108.9	60	-108.9	2.526
109	60	-109	2.52
109.1	60	-109.1	2.513
109.2	60	-109.2	2.506
109.3	60	-109.3	2.499
109.4	60	-109.4	2.492
109.5	60	-109.5	2.485
109.6	60	-109.6	2.478
109.7	60	-109.7	2.471
109.8	60	-109.8	2.464
109.9	60	-109.9	2.457
110	60	-110	2.45
110.1	60	-110.1	2.448
110.2	60	-110.2	2.446
110.3	60	-110.3	2.444
110.4	60	-110.4	2.442
110.5	60	-110.5	2.44
110.6	60	-110.6	2.438
110.7	60	-110.7	2.436
110.8	60	-110.8	2.434
110.9	60	-110.9	2.432
111	60	-111	2.43
111.1	60	-111.1	2.433
111.2	60	-111.2	2.436
111.3	60	-111.3	2.439
111.4	60	-111.4	2.442
111.5	60	-111.5	2.445
111.6	60	-111.6	2.448
111.7	60	-111.7	2.451
111.8	60	-111.8	2.454
111.9	60	-111.9	2.457
112	60	-112	2.46
112.1	60	-112.1	2.466
112.2	60	-112.2	2.472
112.3	60	-112.3	2.478
112.4	60	-112.4	2.484
112.5	60	-112.5	2.49
112.6	60	-112.6	2.496
112.7	60	-112.7	2.502
112.8	60	-112.8	2.508
112.9	60	-112.9	2.514
113	60	-113	2.52
113.1	60	-113.1	2.523
113.2	60	-113.2	2.526
113.3	60	-113.3	2.529
113.4	60	-113.4	2.532
113.5	60	-113.5	2.535
113.6	60	-113.6	2.538
113.7	60	-113.7	2.541
113.8	60	-113.8	2.544
113.9	60	-113.9	2.547
114	60	-114	2.55
114.1	60	-114.1	2.55
114.2	60	-114.2	2.55
114.3	60	-114.3	2.55
114.4	60	-114.4	2.55
114.5	60	-114.5	2.55
114.6	60	-114.6	2.55
114.7	60	-114.7	2.55
114.8	60	-114.8	2.55
114.9	60	-114.9	2.55
115	60	-115	2.55
115.1	60	-115.1	2.548
115.2	60	-115.2	2.546
115.3	60	-115.3	2.544
115.4	60	-115.4	2.542
115.5	60	-115.5	2.54
115.6	60	-115.6	2.538
115.7	60	-115.7	2.536
115.8	60	-115.8	2.534
115.9	60	-115.9	2.532
116	60	-116	2.53
116.1	60	-116.1	2.528
116.2	60	-116.2	2.526
116.3	60	-116.3	2.524
116.4	60	-116.4	2.522
116.5	60	-116.5	2.52
116.6	60	-116.6	2.518
116.7	60	-116.7	2.516
116.8	60	-116.8	2.514
116.9	60	-116.9	2.512
117	60	-117	2.51
117.1	60	-117.1	2.507
117.2	60	-117.2	2.504
117.3	60	-117.3	2.501
117.4	60	-117.4	2.498
117.5	60	-117.5	2.495
117.6	60	-117.6	2.492
117.7	60	-117.7	2.489
117.8	60	-117.8	2.486
117.9	60	-117.9	2.483
118	60	-118	2.48
118.1	60	-118.1	2.479
118.2	60	-118.2	2.478
118.3	60	-118.3	2.477
118.4	60	-118.4	2.476
118.5	60	-118.5	2.475
118.6	60	-118.6	2.474
118.7	60	-118.7	2.473
118.8	60	-118.8	2.472
118.9	60	-118.9	2.471
119	60	-119	2.47
119.1	60	-119.1	2.472
119.2	60	-119.2	2.474
119.3	60	-119.3	2.476
119.4	60	-119.4	2.478
119.5	60	-119.5	2.48
119.6	60	-119.6	2.482
119.7	60	-119.7	2.484
119.8	60	-119.8	2.486
119.9	60	-119.9	2.488
120	60	-120	2.49
120.1	60	-120.1	2.494
120.2	60	-120.2	2.498
120.3	60	-120.3	2.502
120.4	60	-120.4	2.506
120.5	60	-120.5	2.51
120.6	60	-120.6	2.514
120.7	60	-120.7	2.518
120.8	60	-120.8	2.522
120.9	60	-120.9	2.526
121	60	-121	2.53
121.1	60	-121.1	2.535
121.2	60	-121.2	2.54
121.3	60	-121.3	2.545
121.4	60	-121.4	2.55
121.5	60	-121.5	2.555
121.6	60	-121.6	2.56
121.7	60	-121.7	2.565
121.8	60	-121.8	2.57
121.9	60	-121.9	2.575
122	60	-122	2.58
122.1	60	-122.1	2.581
122.2	60	-122.2	2.582
122.3	60	-122.3	2.583
122.4	60	-122.4	2.584
122.5	60	-122.5	2.585
122.6	60	-122.6	2.586
122.7	60	-122.7	2.587
122.8	60	-122.8	2.588
122.9	60	-122.9	2.589
123	60	-123	2.59
123.1	60	-123.1	2.589
123.2	60	-123.2	2.588
123.3	60	-123.3	2.587
123.4	60	-123.4	2.586
123.5	60	-123.5	2.585
123.6	60	-123.6	2.584
123.7	60	-123.7	2.583
123.8	60	-123.8	2.582
123.9	60	-123.9	2.581
124	60	-124	2.58
124.1	60	-124.1	2.579
124.2	60	-124.2	2.578
124.3	60	-124.3	2.577
124.4	60	-124.4	2.576
124.5	60	-124.5	2.575
124.6	60	-124.6	2.574
124.7	60	-124.7	2.573
124.8	60	-124.8	2.572
124.9	60	-124.9	2.571
125	60	-125	2.57
125.1	60	-125.1	2.571
125.2	60	-125.2	2.572
125.3	60	-125.3	2.573
125.4	60	-125.4	2.574
125.5	60	-125.5	2.575
125.6	60	-125.6	2.576
125.7	60	-125.7	2.577
125.8	60	-125.8	2.578
125.9	60	-125.9	2.579
126	60	-126	2.58
126.1	60	-126.1	2.583
126.2	60	-126.2	2.586
126.3	60	-126.3	2.589
126.4	60	-126.4	2.592
126.5	60	-126.5	2.595
126.6	60	-126.6	2.598
126.7	60	-126.7	2.601
126.8	60	-126.8	2.604
126.9	60	-126.9	2.607
127	60	-127	2.61
127.1	60	-127.1	2.613
127.2	60	-127.2	2.616
127.3	60	-127.3	2.619
127.4	60	-127.4	2.622
127.5	60	-127.5	2.625
127.6	60	-127.6	2.628
127.7	60	-127.7	2.631
127.8	60	-127.8	2.634
127.9	60	-127.9	2.637
128	60	-128	2.64
128.1	60	-128.1	2.639
128.2	60	-128.2	2.638
128.3	60	-128.3	2.637
128.4	60	-128.4	2.636
128.5	60	-128.5	2.635
128.6	60	-128.6	2.634
128.7	60	-128.7	2.633
128.8	60	-128.8	2.632
128.9	60	-128.9	2.631
129	60	-129	2.63
129.1	60	-129.1	2.626
129.2	60	-129.2	2.622
129.3	60	-129.3	2.618
129.4	60	-129.4	2.614
129.5	60	-129.5	2.61
129.6	60	-129.6	2.606
129.7	60	-129.7	2.602
129.8	60	-129.8	2.598
129.9	60	-129.9	2.594
130	60	-130	2.59
130.1	60	-130.1	2.583
130.2	60	-130.2	2.576
130.3	60	-130.3	2.569
130.4	60	-130.4	2.562
130.5	60	-130.5	2.555
130.6	60	-130.6	2.548
130.7	60	-130.7	2.541
130.8	60	-130.8	2.534
130.9	60	-130.9	2.527
131	60	-131	2.52
131.1	60	-131.1	2.516
131.2	60	-131.2	2.512
131.3	60	-131.3	2.508
131.4	60	-131.4	2.504
131.5	60	-131.5	2.5
131.6	60	-131.6	2.496
131.7	60	-131.7	2.492
131.8	60	-131.8	2.488
131.9	60	-131.9	2.484
132	60	-132	2.48
132.1	60	-132.1	2.479
132.2	60	-132.2	2.478
132.3	60	-132.3	2.477
132.4	60	-132.4	2.476
132.5	60	-132.5	2.475
132.6	60	-132.6	2.474
132.7	60	-132.7	2.473
132.8	60	-132.8	2.472
132.9	60	-132.9	2.471
133	60	-133	2.47
133.1	60	-133.1	2.471
133.2	60	-133.2	2.472
133.3	60	-133.3	2.473
133.4	60	-133.4	2.474
133.5	60	-133.5	2.475
133.6	60	-133.6	2.476
133.7	60	-133.7	2.477
133.8	60	-133.8	2.478
133.9	60	-133.9	2.479
134	60	-134	2.48
134.1	60	-134.1	2.482
134.2	60	-134.2	2.484
134.3	60	-134.3	2.486
134.4	60	-134.4	2.488
134.5	60	-134.5	2.49
134.6	60	-134.6	2.492
134.7	60	-134.7	2.494
134.8	60	-134.8	2.496
134.9	60	-134.9	2.498
135	60	-135	2.5
135.1	60	-135.1	2.502
135.2	60	-135.2	2.504
135.3	60	-135.3	2.506
135.4	60	-135.4	2.508
135.5	60	-135.5	2.51
135.6	60	-135.6	2.512
135.7	60	-135.7	2.514
135.8	60	-135.8	2.516
135.9	60	-135.9	2.518
136	60	-136	2.52
136.1	60	-136.1	2.52
136.2	60	-136.2	2.52
136.3	60	-136.3	2.52
136.4	60	-136.4	2.52
136.5	60	-136.5	2.52
136.6	60	-136.6	2.52
136.7	60	-136.7	2.52
136.8	60	-136.8	2.52
136.9	60	-136.9	2.52
137	60	-137	2.52
137.1	60	-137.1	2.521
137.2	60	-137.2	2.522
137.3	60	-137.3	2.523
137.4	60	-137.4	2.524
137.5	60	-137.5	2.525
137.6	60	-137.6	2.526
137.7	60	-137.7	2.527
137.8	60	-137.8	2.528
137.9	60	-137.9	2.529
138	60	-138	2.53
138.1	60	-138.1	2.532
138.2	60	-138.2	2.534
138.3	60	-138.3	2.536
138.4	60	-138.4	2.538
138.5	60	-138.5	2.54
138.6	60	-138.6	2.542
138.7	60	-138.7	2.544
138.8	60	-138.8	2.546
138.9	60	-138.9	2.548
139	60	-139	2.55
139.1	60	-139.1	2.554
139.2	60	-139.2	2.558
139.3	60	-139.3	2.562
139.4	60	-139.4	2.566
139.5	60	-139.5	2.57
139.6	60	-139.6	2.574
139.7	60	-139.7	2.578
139.8	60	-139.8	2.582
139.9	60	-139.9	2.586
140	60	-140	2.59
140.1	60	-140.1	2.593
140.2	60	-140.2	2.596
140.3	60	-140.3	2.599
140.4	60	-140.4	2.602
140.5	60	-140.5	2.605
140.6	60	-140.6	2.608
140.7	60	-140.7	2.611
140.8	60	-140.8	2.614
140.9	60	-140.9	2.617
141	60	-141	2.62
141.1	60	-141.1	2.619
141.2	60	-141.2	2.618
141.3	60	-141.3	2.617
141.4	60	-141.4	2.616
141.5	60	-141.5	2.615
141.6	60	-141.6	2.614
141.7	60	-141.7	2.613
141.8	60	-141.8	2.612
141.9	60	-141.9	2.611
142	60	-142	2.61
142.1	60	-142.1	2.607
142.2	60	-142.2	2.604
142.3	60	-142.3	2.601
142.4	60	-142.4	2.598
142.5	60	-142.5	2.595
142.6	60	-142.6	2.592
142.7	60	-142.7	2.589
142.8	60	-142.8	2.586
142.9	60	-142.9	2.583
143	60	-143	2.58
143.1	60	-143.1	2.579
143.2	60	-143.2	2.578
143.3	60	-143.3	2.577
143.4	60	-143.4	2.576
143.5	60	-143.5	2.575
143.6	60	-143.6	2.574
143.7	60	-143.7	2.573
143.8	60	-143.8	2.572
143.9	60	-143.9	2.571
144	60	-144	2.57
144.1	60	-144.1	2.572
144.2	60	-144.2	2.574
144.3	60	-144.3	2.576
144.4	60	-144.4	2.578
144.5	60	-144.5	2.58
144.6	60	-144.6	2.582
144.7	60	-144.7	2.584
144.8	60	-144.8	2.586
144.9	60	-144.9	2.588
145	60	-145	2.59
145.1	60	-145.1	2.591
145.2	60	-145.2	2.592
145.3	60	-145.3	2.593
145.4	60	-145.4	2.594
145.5	60	-145.5	2.595
145.6	60	-145.6	2.596
145.7	60	-145.7	2.597
145.8	60	-145.8	2.598
145.9	60	-145.9	2.599
146	60	-146	2.6
146.1	60	-146.1	
146.2	60	-146.2	
146.3	60	-146.3	
146.4	60	-146.4	
146.5	60	-146.5	
146.6	60	-146.6	
146.7	60	-146.7	
146.8	60	-146.8	
146.9	60	-146.9	
147	60	-147	
147.1	60	-147.1	
147.2	60	-147.2	
147.3	60	-147.3	
147.4	60	-147.4	
147.5	60	-147.5	
147.6	60	-147.6	
147.7	60	-147.7	
147.8	60	-147.8	
147.9	60	-147.9	
148	60	-148	
148.1	60	-148.1	
148.2	60	-148.2	
148.3	60	-148.3	
148.4	60	-148.4	
148.5	60	-148.5	
148.6	60	-148.6	
148.7	60	-148.7	
148.8	60	-148.8	
148.9	60	-148.9	
149	60	-149	
149.1	60	-149.1	
149.2	60	-149.2	
149.3	60	-149.3	
149.4	60	-149.4	
149.5	60	-149.5	
149.6	60	-149.6	
149.7	60	-149.7	
149.8	60	-149.8	
149.9	60	-149.9	
150	60	-150	
150.1	60	-150.1	
150.2	60	-150.2	
150.3	60	-150.3	
150.4	60	-150.4	
150.5	60	-150.5	
150.6	60	-150.6	
150.7	60	-150.7	
150.8	60	-150.8	
150.9	60	-150.9	
151	60	-151	
151.1	60	-151.1	
151.2	60	-151.2	
151.3	60	-151.3	
151.4	60	-151.4	
151.5	60	-151.5	
151.6	60	-151.6	
151.7	60	-151.7	
151.8	60	-151.8	
151.9	60	-151.9	
152	60	-152	
152.1	60	-152.1	
152.2	60	-152.2	
152.3	60	-152.3	
152.4	60	-152.4	
152.5	60	-152.5	
152.6	60	-152.6	
152.7	60	-152.7	
152.8	60	-152.8	
152.9	60	-152.9	
153	60	-153	
153.1	60	-153.1	
153.2	60	-153.2	
153.3	60	-153.3	
153.4	60	-153.4	
153.5	60	-153.5	
153.6	60	-153.6	
153.7	60	-153.7	
153.8	60	-153.8	
153.9	60	-153.9	
154	60	-154	
154.1	60	-154.1	
154.2	60	-154.2	
154.3	60	-154.3	
154.4	60	-154.4	
154.5	60	-154.5	
154.6	60	-154.6	
154.7	60	-154.7	
154.8	60	-154.8	
154.9	60	-154.9	
155	60	-155	
155.1	60	-155.1	
155.2	60	-155.2	
155.3	60	-155.3	
155.4	60	-155.4	
155.5	60	-155.5	
155.6	60	-155.6	
155.7	60	-155.7	
155.8	60	-155.8	
155.9	60	-155.9	
156	60	-156	
156.1	60	-156.1	
156.2	60	-156.2	
156.3	60	-156.3	
156.4	60	-156.4	
156.5	60	-156.5	
156.6	60	-156.6	
156.7	60	-156.7	
156.8	60	-156.8	
156.9	60	-156.9	
157	60	-157	
157.1	60	-157.1	
157.2	60	-157.2	
157.3	60	-157.3	
157.4	60	-157.4	
157.5	60	-157.5	
157.6	60	-157.6	
157.7	60	-157.7	
157.8	60	-157.8	
157.9	60	-157.9	
158	60	-158	
158.1	60	-158.1	
158.2	60	-158.2	
158.3	60	-158.3	
158.4	60	-158.4	
158.5	60	-158.5	
158.6	60	-158.6	
158.7	60	-158.7	
158.8	60	-158.8	
158.9	60	-158.9	
159	60	-159	
159.1	60	-159.1	
159.2	60	-159.2	
159.3	60	-159.3	
159.4	60	-159.4	
159.5	60	-159.5	
159.6	60	-159.6	
159.7	60	-159.7	
159.8	60	-159.8	
159.9	60	-159.9	
160	60	-160	
160.1	60	-160.1	
160.2	60	-160.2	
160.3	60	-160.3	
160.4	60	-160.4	
160.5	60	-160.5	
160.6	60	-160.6	
160.7	60	-160.7	
160.8	60	-160.8	
160.9	60	-160.9	
161	60	-161	
161.1	60	-161.1	
161.2	60	-161.2	
161.3	60	-161.3	
161.4	60	-161.4	
161.5	60	-161.5	
161.6	60	-161.6	
161.7	60	-161.7	
161.8	60	-161.8	
161.9	60	-161.9	
162	60	-162	
162.1	60	-162.1	
162.2	60	-162.2	
162.3	60	-162.3	
162.4	60	-162.4	
162.5	60	-162.5	
162.6	60	-162.6	
162.7	60	-162.7	
162.8	60	-162.8	
162.9	60	-162.9	
163	60	-163	
163.1	60	-163.1	
163.2	60	-163.2	
163.3	60	-163.3	
163.4	60	-163.4	
163.5	60	-163.5	
163.6	60	-163.6	
163.7	60	-163.7	
163.8	60	-163.8	
163.9	60	-163.9	
164	60	-164	
164.1	60	-164.1	
164.2	60	-164.2	
164.3	60	-164.3	
164.4	60	-164.4	
164.5	60	-164.5	
164.6	60	-164.6	
164.7	60	-164.7	
164.8	60	-164.8	
164.9	60	-164.9	
165	60	-165	
0	20	0	
0.1	20	-0.1	
0.2	20	-0.2	
0.3	20	-0.3	
0.4	20	-0.4	
0.5	20	-0.5	
0.6	20	-0.6	
0.7	20	-0.7	
0.8	20	-0.8	
0.9	20	-0.9	
1	20	-1	
1.1	20	-1.1	
1.2	20	-1.2	
1.3	20	-1.3	
1.4	20	-1.4	
1.5	20	-1.5	
1.6	20	-1.6	
1.7	20	-1.7	
1.8	20	-1.8	
1.9	20	-1.9	
2	20	-2	
2.1	20	-2.1	
2.2	20	-2.2	
2.3	20	-2.3	
2.4	20	-2.4	
2.5	20	-2.5	
2.6	20	-2.6	
2.7	20	-2.7	
2.8	20	-2.8	
2.9	20	-2.9	
3	20	-3	
3.1	20	-3.1	
3.2	20	-3.2	
3.3	20	-3.3	
3.4	20	-3.4	
3.5	20	-3.5	
3.6	20	-3.6	
3.7	20	-3.7	
3.8	20	-3.8	
3.9	20	-3.9	
4	20	-4	
4.1	20	-4.1	
4.2	20	-4.2	
4.3	20	-4.3	
4.4	20	-4.4	
4.5	20	-4.5	
4.6	20	-4.6	
4.7	20	-4.7	
4.8	20	-4.8	
4.9	20	-4.9	
5	20	-5	
5.1	20	-5.1	
5.2	20	-5.2	
5.3	20	-5.3	
5.4	20	-5.4	
5.5	20	-5.5	
5.6	20	-5.6	
5.7	20	-5.7	
5.8	20	-5.8	
5.9	20	-5.9	
6	20	-6	
6.1	20	-6.1	
6.2	20	-6.2	
6.3	20	-6.3	
6.4	20	-6.4	
6.5	20	-6.5	
6.6	20	-6.6	
6.7	20	-6.7	
6.8	20	-6.8	
6.9	20	-6.9	
7	20	-7	
7.1	20	-7.1	
7.2	20	-7.2	
7.3	20	-7.3	
7.4	20	-7.4	
7.5	20	-7.5	
7.6	20	-7.6	
7.7	20	-7.7	
7.8	20	-7.8	
7.9	20	-7.9	
8	20	-8	
8.1	20	-8.1	
8.2	20	-8.2	
8.3	20	-8.3	
8.4	20	-8.4	
8.5	20	-8.5	
8.6	20	-8.6	
8.7	20	-8.7	
8.8	20	-8.8	
8.9	20	-8.9	
9	20	-9	1.43
9.1	20	-9.1	1.43
9.2	20	-9.2	1.43
9.3	20	-9.3	1.43
9.4	20	-9.4	1.43
9.5	20	-9.5	1.43
9.6	20	-9.6	1.43
9.7	20	-9.7	1.43
9.8	20	-9.8	1.43
9.9	20	-9.9	1.43
10	20	-10	1.43
10.1	20	-10.1	1.43
10.2	20	-10.2	1.43
10.3	20	-10.3	1.43
10.4	20	-10.4	1.43
10.5	20	-10.5	1.43
10.6	20	-10.6	1.43
10.7	20	-10.7	1.43
10.8	20	-10.8	1.43
10.9	20	-10.9	1.43
11	20	-11	1.43
11.1	20	-11.1	1.43
11.2	20	-11.2	1.43
11.3	20	-11.3	1.43
11.4	20	-11.4	1.43
11.5	20	-11.5	1.43
11.6	20	-11.6	1.43
11.7	20	-11.7	1.43
11.8	20	-11.8	1.43
11.9	20	-11.9	1.43
12	20	-12	1.43
12.1	20	-12.1	1.432
12.2	20	-12.2	1.434
12.3	20	-12.3	1.436
12.4	20	-12.4	1.438
12.5	20	-12.5	1.44
12.6	20	-12.6	1.442
12.7	20	-12.7	1.444
12.8	20	-12.8	1.446
12.9	20	-12.9	1.448
13	20	-13	1.45
13.1	20	-13.1	1.452
13.2	20	-13.2	1.454
13.3	20	-13.3	1.456
13.4	20	-13.4	1.458
13.5	20	-13.5	1.46
13.6	20	-13.6	1.462
13.7	20	-13.7	1.464
13.8	20	-13.8	1.466
13.9	20	-13.9	1.468
14	20	-14	1.47
14.1	20	-14.1	1.472
14.2	20	-14.2	1.474
14.3	20	-14.3	1.476
14.4	20	-14.4	1.478
14.5	20	-14.5	1.48
14.6	20	-14.6	1.482
14.7	20	-14.7	1.484
14.8	20	-14.8	1.486
14.9	20	-14.9	1.488
15	20	-15	1.49
15.1	20	-15.1	1.493
15.2	20	-15.2	1.496
15.3	20	-15.3	1.499
15.4	20	-15.4	1.502
15.5	20	-15.5	1.505
15.6	20	-15.6	1.508
15.7	20	-15.7	1.511
15.8	20	-15.8	1.514
15.9	20	-15.9	1.517
16	20	-16	1.52
16.1	20	-16.1	1.524
16.2	20	-16.2	1.528
16.3	20	-16.3	1.532
16.4	20	-16.4	1.536
16.5	20	-16.5	1.54
16.6	20	-16.6	1.544
16.7	20	-16.7	1.548
16.8	20	-16.8	1.552
16.9	20	-16.9	1.556
17	20	-17	1.56
17.1	20	-17.1	1.565
17.2	20	-17.2	1.57
17.3	20	-17.3	1.575
17.4	20	-17.4	1.58
17.5	20	-17.5	1.585
17.6	20	-17.6	1.59
17.7	20	-17.7	1.595
17.8	20	-17.8	1.6
17.9	20	-17.9	1.605
18	20	-18	1.61
18.1	20	-18.1	1.616
18.2	20	-18.2	1.622
18.3	20	-18.3	1.628
18.4	20	-18.4	1.634
18.5	20	-18.5	1.64
18.6	20	-18.6	1.646
18.7	20	-18.7	1.652
18.8	20	-18.8	1.658
18.9	20	-18.9	1.664
19	20	-19	1.67
19.1	20	-19.1	1.677
19.2	20	-19.2	1.684
19.3	20	-19.3	1.691
19.4	20	-19.4	1.698
19.5	20	-19.5	1.705
19.6	20	-19.6	1.712
19.7	20	-19.7	1.719
19.8	20	-19.8	1.726
19.9	20	-19.9	1.733
20	20	-20	1.74
20.1	20	-20.1	1.744
20.2	20	-20.2	1.748
20.3	20	-20.3	1.752
20.4	20	-20.4	1.756
20.5	20	-20.5	1.76
20.6	20	-20.6	1.764
20.7	20	-20.7	1.768
20.8	20	-20.8	1.772
20.9	20	-20.9	1.776
21	20	-21	1.78
21.1	20	-21.1	1.782
21.2	20	-21.2	1.784
21.3	20	-21.3	1.786
21.4	20	-21.4	1.788
21.5	20	-21.5	1.79
21.6	20	-21.6	1.792
21.7	20	-21.7	1.794
21.8	20	-21.8	1.796
21.9	20	-21.9	1.798
22	20	-22	1.8
22.1	20	-22.1	1.801
22.2	20	-22.2	1.802
22.3	20	-22.3	1.803
22.4	20	-22.4	1.804
22.5	20	-22.5	1.805
22.6	20	-22.6	1.806
22.7	20	-22.7	1.807
22.8	20	-22.8	1.808
22.9	20	-22.9	1.809
23	20	-23	1.81
23.1	20	-23.1	1.81
23.2	20	-23.2	1.81
23.3	20	-23.3	1.81
23.4	20	-23.4	1.81
23.5	20	-23.5	1.81
23.6	20	-23.6	1.81
23.7	20	-23.7	1.81
23.8	20	-23.8	1.81
23.9	20	-23.9	1.81
24	20	-24	1.81
24.1	20	-24.1	1.812
24.2	20	-24.2	1.814
24.3	20	-24.3	1.816
24.4	20	-24.4	1.818
24.5	20	-24.5	1.82
24.6	20	-24.6	1.822
24.7	20	-24.7	1.824
24.8	20	-24.8	1.826
24.9	20	-24.9	1.828
25	20	-25	1.83
25.1	20	-25.1	1.833
25.2	20	-25.2	1.836
25.3	20	-25.3	1.839
25.4	20	-25.4	1.842
25.5	20	-25.5	1.845
25.6	20	-25.6	1.848
25.7	20	-25.7	1.851
25.8	20	-25.8	1.854
25.9	20	-25.9	1.857
26	20	-26	1.86
26.1	20	-26.1	1.863
26.2	20	-26.2	1.866
26.3	20	-26.3	1.869
26.4	20	-26.4	1.872
26.5	20	-26.5	1.875
26.6	20	-26.6	1.878
26.7	20	-26.7	1.881
26.8	20	-26.8	1.884
26.9	20	-26.9	1.887
27	20	-27	1.89
27.1	20	-27.1	1.894
27.2	20	-27.2	1.898
27.3	20	-27.3	1.902
27.4	20	-27.4	1.906
27.5	20	-27.5	1.91
27.6	20	-27.6	1.914
27.7	20	-27.7	1.918
27.8	20	-27.8	1.922
27.9	20	-27.9	1.926
28	20	-28	1.93
28.1	20	-28.1	1.936
28.2	20	-28.2	1.942
28.3	20	-28.3	1.948
28.4	20	-28.4	1.954
28.5	20	-28.5	1.96
28.6	20	-28.6	1.966
28.7	20	-28.7	1.972
28.8	20	-28.8	1.978
28.9	20	-28.9	1.984
29	20	-29	1.99
29.1	20	-29.1	1.992
29.2	20	-29.2	1.994
29.3	20	-29.3	1.996
29.4	20	-29.4	1.998
29.5	20	-29.5	2
29.6	20	-29.6	2.002
29.7	20	-29.7	2.004
29.8	20	-29.8	2.006
29.9	20	-29.9	2.008
30	20	-30	2.01
30.1	20	-30.1	2.009
30.2	20	-30.2	2.008
30.3	20	-30.3	2.007
30.4	20	-30.4	2.006
30.5	20	-30.5	2.005
30.6	20	-30.6	2.004
30.7	20	-30.7	2.003
30.8	20	-30.8	2.002
30.9	20	-30.9	2.001
31	20	-31	2
31.1	20	-31.1	1.999
31.2	20	-31.2	1.998
31.3	20	-31.3	1.997
31.4	20	-31.4	1.996
31.5	20	-31.5	1.995
31.6	20	-31.6	1.994
31.7	20	-31.7	1.993
31.8	20	-31.8	1.992
31.9	20	-31.9	1.991
32	20	-32	1.99
32.1	20	-32.1	1.992
32.2	20	-32.2	1.994
32.3	20	-32.3	1.996
32.4	20	-32.4	1.998
32.5	20	-32.5	2
32.6	20	-32.6	2.002
32.7	20	-32.7	2.004
32.8	20	-32.8	2.006
32.9	20	-32.9	2.008
33	20	-33	2.01
33.1	20	-33.1	2.011
33.2	20	-33.2	2.012
33.3	20	-33.3	2.013
33.4	20	-33.4	2.014
33.5	20	-33.5	2.015
33.6	20	-33.6	2.016
33.7	20	-33.7	2.017
33.8	20	-33.8	2.018
33.9	20	-33.9	2.019
34	20	-34	2.02
34.1	20	-34.1	2.02
34.2	20	-34.2	2.02
34.3	20	-34.3	2.02
34.4	20	-34.4	2.02
34.5	20	-34.5	2.02
34.6	20	-34.6	2.02
34.7	20	-34.7	2.02
34.8	20	-34.8	2.02
34.9	20	-34.9	2.02
35	20	-35	2.02
35.1	20	-35.1	2.021
35.2	20	-35.2	2.022
35.3	20	-35.3	2.023
35.4	20	-35.4	2.024
35.5	20	-35.5	2.025
35.6	20	-35.6	2.026
35.7	20	-35.7	2.027
35.8	20	-35.8	2.028
35.9	20	-35.9	2.029
36	20	-36	2.03
36.1	20	-36.1	2.032
36.2	20	-36.2	2.034
36.3	20	-36.3	2.036
36.4	20	-36.4	2.038
36.5	20	-36.5	2.04
36.6	20	-36.6	2.042
36.7	20	-36.7	2.044
36.8	20	-36.8	2.046
36.9	20	-36.9	2.048
37	20	-37	2.05
37.1	20	-37.1	2.05
37.2	20	-37.2	2.05
37.3	20	-37.3	2.05
37.4	20	-37.4	2.05
37.5	20	-37.5	2.05
37.6	20	-37.6	2.05
37.7	20	-37.7	2.05
37.8	20	-37.8	2.05
37.9	20	-37.9	2.05
38	20	-38	2.05
38.1	20	-38.1	2.046
38.2	20	-38.2	2.042
38.3	20	-38.3	2.038
38.4	20	-38.4	2.034
38.5	20	-38.5	2.03
38.6	20	-38.6	2.026
38.7	20	-38.7	2.022
38.8	20	-38.8	2.018
38.9	20	-38.9	2.014
39	20	-39	2.01
39.1	20	-39.1	2.003
39.2	20	-39.2	1.996
39.3	20	-39.3	1.989
39.4	20	-39.4	1.982
39.5	20	-39.5	1.975
39.6	20	-39.6	1.968
39.7	20	-39.7	1.961
39.8	20	-39.8	1.954
39.9	20	-39.9	1.947
40	20	-40	1.94
40.1	20	-40.1	1.937
40.2	20	-40.2	1.934
40.3	20	-40.3	1.931
40.4	20	-40.4	1.928
40.5	20	-40.5	1.925
40.6	20	-40.6	1.922
40.7	20	-40.7	1.919
40.8	20	-40.8	1.916
40.9	20	-40.9	1.913
41	20	-41	1.91
41.1	20	-41.1	1.913
41.2	20	-41.2	1.916
41.3	20	-41.3	1.919
41.4	20	-41.4	1.922
41.5	20	-41.5	1.925
41.6	20	-41.6	1.928
41.7	20	-41.7	1.931
41.8	20	-41.8	1.934
41.9	20	-41.9	1.937
42	20	-42	1.94
42.1	20	-42.1	1.945
42.2	20	-42.2	1.95
42.3	20	-42.3	1.955
42.4	20	-42.4	1.96
42.5	20	-42.5	1.965
42.6	20	-42.6	1.97
42.7	20	-42.7	1.975
42.8	20	-42.8	1.98
42.9	20	-42.9	1.985
43	20	-43	1.99
43.1	20	-43.1	1.992
43.2	20	-43.2	1.994
43.3	20	-43.3	1.996
43.4	20	-43.4	1.998
43.5	20	-43.5	2
43.6	20	-43.6	2.002
43.7	20	-43.7	2.004
43.8	20	-43.8	2.006
43.9	20	-43.9	2.008
44	20	-44	2.01
44.1	20	-44.1	2.009
44.2	20	-44.2	2.008
44.3	20	-44.3	2.007
44.4	20	-44.4	2.006
44.5	20	-44.5	2.005
44.6	20	-44.6	2.004
44.7	20	-44.7	2.003
44.8	20	-44.8	2.002
44.9	20	-44.9	2.001
45	20	-45	2
45.1	20	-45.1	2.002
45.2	20	-45.2	2.004
45.3	20	-45.3	2.006
45.4	20	-45.4	2.008
45.5	20	-45.5	2.01
45.6	20	-45.6	2.012
45.7	20	-45.7	2.014
45.8	20	-45.8	2.016
45.9	20	-45.9	2.018
46	20	-46	2.02
46.1	20	-46.1	2.024
46.2	20	-46.2	2.028
46.3	20	-46.3	2.032
46.4	20	-46.4	2.036
46.5	20	-46.5	2.04
46.6	20	-46.6	2.044
46.7	20	-46.7	2.048
46.8	20	-46.8	2.052
46.9	20	-46.9	2.056
47	20	-47	2.06
47.1	20	-47.1	2.063
47.2	20	-47.2	2.066
47.3	20	-47.3	2.069
47.4	20	-47.4	2.072
47.5	20	-47.5	2.075
47.6	20	-47.6	2.078
47.7	20	-47.7	2.081
47.8	20	-47.8	2.084
47.9	20	-47.9	2.087
48	20	-48	2.09
48.1	20	-48.1	2.089
48.2	20	-48.2	2.088
48.3	20	-48.3	2.087
48.4	20	-48.4	2.086
48.5	20	-48.5	2.085
48.6	20	-48.6	2.084
48.7	20	-48.7	2.083
48.8	20	-48.8	2.082
48.9	20	-48.9	2.081
49	20	-49	2.08
49.1	20	-49.1	2.076
49.2	20	-49.2	2.072
49.3	20	-49.3	2.068
49.4	20	-49.4	2.064
49.5	20	-49.5	2.06
49.6	20	-49.6	2.056
49.7	20	-49.7	2.052
49.8	20	-49.8	2.048
49.9	20	-49.9	2.044
50	20	-50	2.04
50.1	20	-50.1	2.035
50.2	20	-50.2	2.03
50.3	20	-50.3	2.025
50.4	20	-50.4	2.02
50.5	20	-50.5	2.015
50.6	20	-50.6	2.01
50.7	20	-50.7	2.005
50.8	20	-50.8	2
50.9	20	-50.9	1.995
51	20	-51	1.99
51.1	20	-51.1	1.988
51.2	20	-51.2	1.986
51.3	20	-51.3	1.984
51.4	20	-51.4	1.982
51.5	20	-51.5	1.98
51.6	20	-51.6	1.978
51.7	20	-51.7	1.976
51.8	20	-51.8	1.974
51.9	20	-51.9	1.972
52	20	-52	1.97
52.1	20	-52.1	1.973
52.2	20	-52.2	1.976
52.3	20	-52.3	1.979
52.4	20	-52.4	1.982
52.5	20	-52.5	1.985
52.6	20	-52.6	1.988
52.7	20	-52.7	1.991
52.8	20	-52.8	1.994
52.9	20	-52.9	1.997
53	20	-53	2
53.1	20	-53.1	2.005
53.2	20	-53.2	2.01
53.3	20	-53.3	2.015
53.4	20	-53.4	2.02
53.5	20	-53.5	2.025
53.6	20	-53.6	2.03
53.7	20	-53.7	2.035
53.8	20	-53.8	2.04
53.9	20	-53.9	2.045
54	20	-54	2.05
54.1	20	-54.1	2.053
54.2	20	-54.2	2.056
54.3	20	-54.3	2.059
54.4	20	-54.4	2.062
54.5	20	-54.5	2.065
54.6	20	-54.6	2.068
54.7	20	-54.7	2.071
54.8	20	-54.8	2.074
54.9	20	-54.9	2.077
55	20	-55	2.08
55.1	20	-55.1	2.079
55.2	20	-55.2	2.078
55.3	20	-55.3	2.077
55.4	20	-55.4	2.076
55.5	20	-55.5	2.075
55.6	20	-55.6	2.074
55.7	20	-55.7	2.073
55.8	20	-55.8	2.072
55.9	20	-55.9	2.071
56	20	-56	2.07
56.1	20	-56.1	2.066
56.2	20	-56.2	2.062
56.3	20	-56.3	2.058
56.4	20	-56.4	2.054
56.5	20	-56.5	2.05
56.6	20	-56.6	2.046
56.7	20	-56.7	2.042
56.8	20	-56.8	2.038
56.9	20	-56.9	2.034
57	20	-57	2.03
57.1	20	-57.1	2.026
57.2	20	-57.2	2.022
57.3	20	-57.3	2.018
57.4	20	-57.4	2.014
57.5	20	-57.5	2.01
57.6	20	-57.6	2.006
57.7	20	-57.7	2.002
57.8	20	-57.8	1.998
57.9	20	-57.9	1.994
58	20	-58	1.99
58.1	20	-58.1	1.987
58.2	20	-58.2	1.984
58.3	20	-58.3	1.981
58.4	20	-58.4	1.978
58.5	20	-58.5	1.975
58.6	20	-58.6	1.972
58.7	20	-58.7	1.969
58.8	20	-58.8	1.966
58.9	20	-58.9	1.963
59	20	-59	1.96
59.1	20	-59.1	1.96
59.2	20	-59.2	1.96
59.3	20	-59.3	1.96
59.4	20	-59.4	1.96
59.5	20	-59.5	1.96
59.6	20	-59.6	1.96
59.7	20	-59.7	1.96
59.8	20	-59.8	1.96
59.9	20	-59.9	1.96
60	20	-60	1.96
60.1	20	-60.1	1.964
60.2	20	-60.2	1.968
60.3	20	-60.3	1.972
60.4	20	-60.4	1.976
60.5	20	-60.5	1.98
60.6	20	-60.6	1.984
60.7	20	-60.7	1.988
60.8	20	-60.8	1.992
60.9	20	-60.9	1.996
61	20	-61	2
61.1	20	-61.1	2.007
61.2	20	-61.2	2.014
61.3	20	-61.3	2.021
61.4	20	-61.4	2.028
61.5	20	-61.5	2.035
61.6	20	-61.6	2.042
61.7	20	-61.7	2.049
61.8	20	-61.8	2.056
61.9	20	-61.9	2.063
62	20	-62	2.07
62.1	20	-62.1	2.075
62.2	20	-62.2	2.08
62.3	20	-62.3	2.085
62.4	20	-62.4	2.09
62.5	20	-62.5	2.095
62.6	20	-62.6	2.1
62.7	20	-62.7	2.105
62.8	20	-62.8	2.11
62.9	20	-62.9	2.115
63	20	-63	2.12
63.1	20	-63.1	2.122
63.2	20	-63.2	2.124
63.3	20	-63.3	2.126
63.4	20	-63.4	2.128
63.5	20	-63.5	2.13
63.6	20	-63.6	2.132
63.7	20	-63.7	2.134
63.8	20	-63.8	2.136
63.9	20	-63.9	2.138
64	20	-64	2.14
64.1	20	-64.1	2.14
64.2	20	-64.2	2.14
64.3	20	-64.3	2.14
64.4	20	-64.4	2.14
64.5	20	-64.5	2.14
64.6	20	-64.6	2.14
64.7	20	-64.7	2.14
64.8	20	-64.8	2.14
64.9	20	-64.9	2.14
65	20	-65	2.14
65.1	20	-65.1	2.136
65.2	20	-65.2	2.132
65.3	20	-65.3	2.128
65.4	20	-65.4	2.124
65.5	20	-65.5	2.12
65.6	20	-65.6	2.116
65.7	20	-65.7	2.112
65.8	20	-65.8	2.108
65.9	20	-65.9	2.104
66	20	-66	2.1
66.1	20	-66.1	2.094
66.2	20	-66.2	2.088
66.3	20	-66.3	2.082
66.4	20	-66.4	2.076
66.5	20	-66.5	2.07
66.6	20	-66.6	2.064
66.7	20	-66.7	2.058
66.8	20	-66.8	2.052
66.9	20	-66.9	2.046
67	20	-67	2.04
67.1	20	-67.1	2.034
67.2	20	-67.2	2.028
67.3	20	-67.3	2.022
67.4	20	-67.4	2.016
67.5	20	-67.5	2.01
67.6	20	-67.6	2.004
67.7	20	-67.7	1.998
67.8	20	-67.8	1.992
67.9	20	-67.9	1.986
68	20	-68	1.98
68.1	20	-68.1	1.977
68.2	20	-68.2	1.974
68.3	20	-68.3	1.971
68.4	20	-68.4	1.968
68.5	20	-68.5	1.965
68.6	20	-68.6	1.962
68.7	20	-68.7	1.959
68.8	20	-68.8	1.956
68.9	20	-68.9	1.953
69	20	-69	1.95
69.1	20	-69.1	1.949
69.2	20	-69.2	1.948
69.3	20	-69.3	1.947
69.4	20	-69.4	1.946
69.5	20	-69.5	1.945
69.6	20	-69.6	1.944
69.7	20	-69.7	1.943
69.8	20	-69.8	1.942
69.9	20	-69.9	1.941
70	20	-70	1.94
70.1	20	-70.1	1.944
70.2	20	-70.2	1.948
70.3	20	-70.3	1.952
70.4	20	-70.4	1.956
70.5	20	-70.5	1.96
70.6	20	-70.6	1.964
70.7	20	-70.7	1.968
70.8	20	-70.8	1.972
70.9	20	-70.9	1.976
71	20	-71	1.98
71.1	20	-71.1	1.989
71.2	20	-71.2	1.998
71.3	20	-71.3	2.007
71.4	20	-71.4	2.016
71.5	20	-71.5	2.025
71.6	20	-71.6	2.034
71.7	20	-71.7	2.043
71.8	20	-71.8	2.052
71.9	20	-71.9	2.061
72	20	-72	2.07
72.1	20	-72.1	2.081
72.2	20	-72.2	2.092
72.3	20	-72.3	2.103
72.4	20	-72.4	2.114
72.5	20	-72.5	2.125
72.6	20	-72.6	2.136
72.7	20	-72.7	2.147
72.8	20	-72.8	2.158
72.9	20	-72.9	2.169
73	20	-73	2.18
73.1	20	-73.1	2.183
73.2	20	-73.2	2.186
73.3	20	-73.3	2.189
73.4	20	-73.4	2.192
73.5	20	-73.5	2.195
73.6	20	-73.6	2.198
73.7	20	-73.7	2.201
73.8	20	-73.8	2.204
73.9	20	-73.9	2.207
74	20	-74	2.21
74.1	20	-74.1	2.206
74.2	20	-74.2	2.202
74.3	20	-74.3	2.198
74.4	20	-74.4	2.194
74.5	20	-74.5	2.19
74.6	20	-74.6	2.186
74.7	20	-74.7	2.182
74.8	20	-74.8	2.178
74.9	20	-74.9	2.174
75	20	-75	2.17
75.1	20	-75.1	2.169
75.2	20	-75.2	2.168
75.3	20	-75.3	2.167
75.4	20	-75.4	2.166
75.5	20	-75.5	2.165
75.6	20	-75.6	2.164
75.7	20	-75.7	2.163
75.8	20	-75.8	2.162
75.9	20	-75.9	2.161
76	20	-76	2.16
76.1	20	-76.1	2.164
76.2	20	-76.2	2.168
76.3	20	-76.3	2.172
76.4	20	-76.4	2.176
76.5	20	-76.5	2.18
76.6	20	-76.6	2.184
76.7	20	-76.7	2.188
76.8	20	-76.8	2.192
76.9	20	-76.9	2.196
77	20	-77	2.2
77.1	20	-77.1	2.202
77.2	20	-77.2	2.204
77.3	20	-77.3	2.206
77.4	20	-77.4	2.208
77.5	20	-77.5	2.21
77.6	20	-77.6	2.212
77.7	20	-77.7	2.214
77.8	20	-77.8	2.216
77.9	20	-77.9	2.218
78	20	-78	2.22
78.1	20	-78.1	2.22
78.2	20	-78.2	2.22
78.3	20	-78.3	2.22
78.4	20	-78.4	2.22
78.5	20	-78.5	2.22
78.6	20	-78.6	2.22
78.7	20	-78.7	2.22
78.8	20	-78.8	2.22
78.9	20	-78.9	2.22
79	20	-79	2.22
79.1	20	-79.1	2.223
79.2	20	-79.2	2.226
79.3	20	-79.3	2.229
79.4	20	-79.4	2.232
79.5	20	-79.5	2.235
79.6	20	-79.6	2.238
79.7	20	-79.7	2.241
79.8	20	-79.8	2.244
79.9	20	-79.9	2.247
80	20	-80	2.25
80.1	20	-80.1	2.256
80.2	20	-80.2	2.262
80.3	20	-80.3	2.268
80.4	20	-80.4	2.274
80.5	20	-80.5	2.28
80.6	20	-80.6	2.286
80.7	20	-80.7	2.292
80.8	20	-80.8	2.298
80.9	20	-80.9	2.304
81	20	-81	2.31
81.1	20	-81.1	2.309
81.2	20	-81.2	2.308
81.3	20	-81.3	2.307
81.4	20	-81.4	2.306
81.5	20	-81.5	2.305
81.6	20	-81.6	2.304
81.7	20	-81.7	2.303
81.8	20	-81.8	2.302
81.9	20	-81.9	2.301
82	20	-82	2.3
82.1	20	-82.1	2.291
82.2	20	-82.2	2.282
82.3	20	-82.3	2.273
82.4	20	-82.4	2.264
82.5	20	-82.5	2.255
82.6	20	-82.6	2.246
82.7	20	-82.7	2.237
82.8	20	-82.8	2.228
82.9	20	-82.9	2.219
83	20	-83	2.21
83.1	20	-83.1	2.2
83.2	20	-83.2	2.19
83.3	20	-83.3	2.18
83.4	20	-83.4	2.17
83.5	20	-83.5	2.16
83.6	20	-83.6	2.15
83.7	20	-83.7	2.14
83.8	20	-83.8	2.13
83.9	20	-83.9	2.12
84	20	-84	2.11
84.1	20	-84.1	2.106
84.2	20	-84.2	2.102
84.3	20	-84.3	2.098
84.4	20	-84.4	2.094
84.5	20	-84.5	2.09
84.6	20	-84.6	2.086
84.7	20	-84.7	2.082
84.8	20	-84.8	2.078
84.9	20	-84.9	2.074
85	20	-85	2.07
85.1	20	-85.1	2.073
85.2	20	-85.2	2.076
85.3	20	-85.3	2.079
85.4	20	-85.4	2.082
85.5	20	-85.5	2.085
85.6	20	-85.6	2.088
85.7	20	-85.7	2.091
85.8	20	-85.8	2.094
85.9	20	-85.9	2.097
86	20	-86	2.1
86.1	20	-86.1	2.11
86.2	20	-86.2	2.12
86.3	20	-86.3	2.13
86.4	20	-86.4	2.14
86.5	20	-86.5	2.15
86.6	20	-86.6	2.16
86.7	20	-86.7	2.17
86.8	20	-86.8	2.18
86.9	20	-86.9	2.19
87	20	-87	2.2
87.1	20	-87.1	2.214
87.2	20	-87.2	2.228
87.3	20	-87.3	2.242
87.4	20	-87.4	2.256
87.5	20	-87.5	2.27
87.6	20	-87.6	2.284
87.7	20	-87.7	2.298
87.8	20	-87.8	2.312
87.9	20	-87.9	2.326
88	20	-88	2.34
88.1	20	-88.1	2.348
88.2	20	-88.2	2.356
88.3	20	-88.3	2.364
88.4	20	-88.4	2.372
88.5	20	-88.5	2.38
88.6	20	-88.6	2.388
88.7	20	-88.7	2.396
88.8	20	-88.8	2.404
88.9	20	-88.9	2.412
89	20	-89	2.42
89.1	20	-89.1	2.42
89.2	20	-89.2	2.42
89.3	20	-89.3	2.42
89.4	20	-89.4	2.42
89.5	20	-89.5	2.42
89.6	20	-89.6	2.42
89.7	20	-89.7	2.42
89.8	20	-89.8	2.42
89.9	20	-89.9	2.42
90	20	-90	2.42
90.1	20	-90.1	2.421
90.2	20	-90.2	2.422
90.3	20	-90.3	2.423
90.4	20	-90.4	2.424
90.5	20	-90.5	2.425
90.6	20	-90.6	2.426
90.7	20	-90.7	2.427
90.8	20	-90.8	2.428
90.9	20	-90.9	2.429
91	20	-91	2.43
91.1	20	-91.1	2.432
91.2	20	-91.2	2.434
91.3	20	-91.3	2.436
91.4	20	-91.4	2.438
91.5	20	-91.5	2.44
91.6	20	-91.6	2.442
91.7	20	-91.7	2.444
91.8	20	-91.8	2.446
91.9	20	-91.9	2.448
92	20	-92	2.45
92.1	20	-92.1	2.448
92.2	20	-92.2	2.446
92.3	20	-92.3	2.444
92.4	20	-92.4	2.442
92.5	20	-92.5	2.44
92.6	20	-92.6	2.438
92.7	20	-92.7	2.436
92.8	20	-92.8	2.434
92.9	20	-92.9	2.432
93	20	-93	2.43
93.1	20	-93.1	2.42
93.2	20	-93.2	2.41
93.3	20	-93.3	2.4
93.4	20	-93.4	2.39
93.5	20	-93.5	2.38
93.6	20	-93.6	2.37
93.7	20	-93.7	2.36
93.8	20	-93.8	2.35
93.9	20	-93.9	2.34
94	20	-94	2.33
94.1	20	-94.1	2.322
94.2	20	-94.2	2.314
94.3	20	-94.3	2.306
94.4	20	-94.4	2.298
94.5	20	-94.5	2.29
94.6	20	-94.6	2.282
94.7	20	-94.7	2.274
94.8	20	-94.8	2.266
94.9	20	-94.9	2.258
95	20	-95	2.25
95.1	20	-95.1	2.251
95.2	20	-95.2	2.252
95.3	20	-95.3	2.253
95.4	20	-95.4	2.254
95.5	20	-95.5	2.255
95.6	20	-95.6	2.256
95.7	20	-95.7	2.257
95.8	20	-95.8	2.258
95.9	20	-95.9	2.259
96	20	-96	2.26
96.1	20	-96.1	2.268
96.2	20	-96.2	2.276
96.3	20	-96.3	2.284
96.4	20	-96.4	2.292
96.5	20	-96.5	2.3
96.6	20	-96.6	2.308
96.7	20	-96.7	2.316
96.8	20	-96.8	2.324
96.9	20	-96.9	2.332
97	20	-97	2.34
97.1	20	-97.1	2.346
97.2	20	-97.2	2.352
97.3	20	-97.3	2.358
97.4	20	-97.4	2.364
97.5	20	-97.5	2.37
97.6	20	-97.6	2.376
97.7	20	-97.7	2.382
97.8	20	-97.8	2.388
97.9	20	-97.9	2.394
98	20	-98	2.4
98.1	20	-98.1	2.402
98.2	20	-98.2	2.404
98.3	20	-98.3	2.406
98.4	20	-98.4	2.408
98.5	20	-98.5	2.41
98.6	20	-98.6	2.412
98.7	20	-98.7	2.414
98.8	20	-98.8	2.416
98.9	20	-98.9	2.418
99	20	-99	2.42
99.1	20	-99.1	2.423
99.2	20	-99.2	2.426
99.3	20	-99.3	2.429
99.4	20	-99.4	2.432
99.5	20	-99.5	2.435
99.6	20	-99.6	2.438
99.7	20	-99.7	2.441
99.8	20	-99.8	2.444
99.9	20	-99.9	2.447
100	20	-100	2.45
100.1	20	-100.1	2.454
100.2	20	-100.2	2.458
100.3	20	-100.3	2.462
100.4	20	-100.4	2.466
100.5	20	-100.5	2.47
100.6	20	-100.6	2.474
100.7	20	-100.7	2.478
100.8	20	-100.8	2.482
100.9	20	-100.9	2.486
101	20	-101	2.49
101.1	20	-101.1	2.49
101.2	20	-101.2	2.49
101.3	20	-101.3	2.49
101.4	20	-101.4	2.49
101.5	20	-101.5	2.49
101.6	20	-101.6	2.49
101.7	20	-101.7	2.49
101.8	20	-101.8	2.49
101.9	20	-101.9	2.49
102	20	-102	2.49
102.1	20	-102.1	2.484
102.2	20	-102.2	2.478
102.3	20	-102.3	2.472
102.4	20	-102.4	2.466
102.5	20	-102.5	2.46
102.6	20	-102.6	2.454
102.7	20	-102.7	2.448
102.8	20	-102.8	2.442
102.9	20	-102.9	2.436
103	20	-103	2.43
103.1	20	-103.1	2.425
103.2	20	-103.2	2.42
103.3	20	-103.3	2.415
103.4	20	-103.4	2.41
103.5	20	-103.5	2.405
103.6	20	-103.6	2.4
103.7	20	-103.7	2.395
103.8	20	-103.8	2.39
103.9	20	-103.9	2.385
104	20	-104	2.38
104.1	20	-104.1	2.383
104.2	20	-104.2	2.386
104.3	20	-104.3	2.389
104.4	20	-104.4	2.392
104.5	20	-104.5	2.395
104.6	20	-104.6	2.398
104.7	20	-104.7	2.401
104.8	20	-104.8	2.404
104.9	20	-104.9	2.407
105	20	-105	2.41
105.1	20	-105.1	2.419
105.2	20	-105.2	2.428
105.3	20	-105.3	2.437
105.4	20	-105.4	2.446
105.5	20	-105.5	2.455
105.6	20	-105.6	2.464
105.7	20	-105.7	2.473
105.8	20	-105.8	2.482
105.9	20	-105.9	2.491
106	20	-106	2.5
106.1	20	-106.1	2.508
106.2	20	-106.2	2.516
106.3	20	-106.3	2.524
106.4	20	-106.4	2.532
106.5	20	-106.5	2.54
106.6	20	-106.6	2.548
106.7	20	-106.7	2.556
106.8	20	-106.8	2.564
106.9	20	-106.9	2.572
107	20	-107	2.58
107.1	20	-107.1	2.581
107.2	20	-107.2	2.582
107.3	20	-107.3	2.583
107.4	20	-107.4	2.584
107.5	20	-107.5	2.585
107.6	20	-107.6	2.586
107.7	20	-107.7	2.587
107.8	20	-107.8	2.588
107.9	20	-107.9	2.589
108	20	-108	2.59
108.1	20	-108.1	2.583
108.2	20	-108.2	2.576
108.3	20	-108.3	2.569
108.4	20	-108.4	2.562
108.5	20	-108.5	2.555
108.6	20	-108.6	2.548
108.7	20	-108.7	2.541
108.8	20	-108.8	2.534
108.9	20	-108.9	2.527
109	20	-109	2.52
109.1	20	-109.1	2.513
109.2	20	-109.2	2.506
109.3	20	-109.3	2.499
109.4	20	-109.4	2.492
109.5	20	-109.5	2.485
109.6	20	-109.6	2.478
109.7	20	-109.7	2.471
109.8	20	-109.8	2.464
109.9	20	-109.9	2.457
110	20	-110	2.45
110.1	20	-110.1	2.448
110.2	20	-110.2	2.446
110.3	20	-110.3	2.444
110.4	20	-110.4	2.442
110.5	20	-110.5	2.44
110.6	20	-110.6	2.438
110.7	20	-110.7	2.436
110.8	20	-110.8	2.434
110.9	20	-110.9	2.432
111	20	-111	2.43
111.1	20	-111.1	2.434
111.2	20	-111.2	2.438
111.3	20	-111.3	2.442
111.4	20	-111.4	2.446
111.5	20	-111.5	2.45
111.6	20	-111.6	2.454
111.7	20	-111.7	2.458
111.8	20	-111.8	2.462
111.9	20	-111.9	2.466
112	20	-112	2.47
112.1	20	-112.1	2.477
112.2	20	-112.2	2.484
112.3	20	-112.3	2.491
112.4	20	-112.4	2.498
112.5	20	-112.5	2.505
112.6	20	-112.6	2.512
112.7	20	-112.7	2.519
112.8	20	-112.8	2.526
112.9	20	-112.9	2.533
113	20	-113	2.54
113.1	20	-113.1	2.543
113.2	20	-113.2	2.546
113.3	20	-113.3	2.549
113.4	20	-113.4	2.552
113.5	20	-113.5	2.555
113.6	20	-113.6	2.558
113.7	20	-113.7	2.561
113.8	20	-113.8	2.564
113.9	20	-113.9	2.567
114	20	-114	2.57
114.1	20	-114.1	2.568
114.2	20	-114.2	2.566
114.3	20	-114.3	2.564
114.4	20	-114.4	2.562
114.5	20	-114.5	2.56
114.6	20	-114.6	2.558
114.7	20	-114.7	2.556
114.8	20	-114.8	2.554
114.9	20	-114.9	2.552
115	20	-115	2.55
115.1	20	-115.1	2.547
115.2	20	-115.2	2.544
115.3	20	-115.3	2.541
115.4	20	-115.4	2.538
115.5	20	-115.5	2.535
115.6	20	-115.6	2.532
115.7	20	-115.7	2.529
115.8	20	-115.8	2.526
115.9	20	-115.9	2.523
116	20	-116	2.52
116.1	20	-116.1	2.517
116.2	20	-116.2	2.514
116.3	20	-116.3	2.511
116.4	20	-116.4	2.508
116.5	20	-116.5	2.505
116.6	20	-116.6	2.502
116.7	20	-116.7	2.499
116.8	20	-116.8	2.496
116.9	20	-116.9	2.493
117	20	-117	2.49
117.1	20	-117.1	2.487
117.2	20	-117.2	2.484
117.3	20	-117.3	2.481
117.4	20	-117.4	2.478
117.5	20	-117.5	2.475
117.6	20	-117.6	2.472
117.7	20	-117.7	2.469
117.8	20	-117.8	2.466
117.9	20	-117.9	2.463
118	20	-118	2.46
118.1	20	-118.1	2.459
118.2	20	-118.2	2.458
118.3	20	-118.3	2.457
118.4	20	-118.4	2.456
118.5	20	-118.5	2.455
118.6	20	-118.6	2.454
118.7	20	-118.7	2.453
118.8	20	-118.8	2.452
118.9	20	-118.9	2.451
119	20	-119	2.45
119.1	20	-119.1	2.452
119.2	20	-119.2	2.454
119.3	20	-119.3	2.456
119.4	20	-119.4	2.458
119.5	20	-119.5	2.46
119.6	20	-119.6	2.462
119.7	20	-119.7	2.464
119.8	20	-119.8	2.466
119.9	20	-119.9	2.468
120	20	-120	2.47
120.1	20	-120.1	2.474
120.2	20	-120.2	2.478
120.3	20	-120.3	2.482
120.4	20	-120.4	2.486
120.5	20	-120.5	2.49
120.6	20	-120.6	2.494
120.7	20	-120.7	2.498
120.8	20	-120.8	2.502
120.9	20	-120.9	2.506
121	20	-121	2.51
121.1	20	-121.1	2.512
121.2	20	-121.2	2.514
121.3	20	-121.3	2.516
121.4	20	-121.4	2.518
121.5	20	-121.5	2.52
121.6	20	-121.6	2.522
121.7	20	-121.7	2.524
121.8	20	-121.8	2.526
121.9	20	-121.9	2.528
122	20	-122	2.53
122.1	20	-122.1	2.53
122.2	20	-122.2	2.53
122.3	20	-122.3	2.53
122.4	20	-122.4	2.53
122.5	20	-122.5	2.53
122.6	20	-122.6	2.53
122.7	20	-122.7	2.53
122.8	20	-122.8	2.53
122.9	20	-122.9	2.53
123	20	-123	2.53
123.1	20	-123.1	2.528
123.2	20	-123.2	2.526
123.3	20	-123.3	2.524
123.4	20	-123.4	2.522
123.5	20	-123.5	2.52
123.6	20	-123.6	2.518
123.7	20	-123.7	2.516
123.8	20	-123.8	2.514
123.9	20	-123.9	2.512
124	20	-124	2.51
124.1	20	-124.1	2.509
124.2	20	-124.2	2.508
124.3	20	-124.3	2.507
124.4	20	-124.4	2.506
124.5	20	-124.5	2.505
124.6	20	-124.6	2.504
124.7	20	-124.7	2.503
124.8	20	-124.8	2.502
124.9	20	-124.9	2.501
125	20	-125	2.5
125.1	20	-125.1	2.5
125.2	20	-125.2	2.5
125.3	20	-125.3	2.5
125.4	20	-125.4	2.5
125.5	20	-125.5	2.5
125.6	20	-125.6	2.5
125.7	20	-125.7	2.5
125.8	20	-125.8	2.5
125.9	20	-125.9	2.5
126	20	-126	2.5
126.1	20	-126.1	2.502
126.2	20	-126.2	2.504
126.3	20	-126.3	2.506
126.4	20	-126.4	2.508
126.5	20	-126.5	2.51
126.6	20	-126.6	2.512
126.7	20	-126.7	2.514
126.8	20	-126.8	2.516
126.9	20	-126.9	2.518
127	20	-127	2.52
127.1	20	-127.1	2.522
127.2	20	-127.2	2.524
127.3	20	-127.3	2.526
127.4	20	-127.4	2.528
127.5	20	-127.5	2.53
127.6	20	-127.6	2.532
127.7	20	-127.7	2.534
127.8	20	-127.8	2.536
127.9	20	-127.9	2.538
128	20	-128	2.54
128.1	20	-128.1	2.539
128.2	20	-128.2	2.538
128.3	20	-128.3	2.537
128.4	20	-128.4	2.536
128.5	20	-128.5	2.535
128.6	20	-128.6	2.534
128.7	20	-128.7	2.533
128.8	20	-128.8	2.532
128.9	20	-128.9	2.531
129	20	-129	2.53
129.1	20	-129.1	2.525
129.2	20	-129.2	2.52
129.3	20	-129.3	2.515
129.4	20	-129.4	2.51
129.5	20	-129.5	2.505
129.6	20	-129.6	2.5
129.7	20	-129.7	2.495
129.8	20	-129.8	2.49
129.9	20	-129.9	2.485
130	20	-130	2.48
130.1	20	-130.1	2.473
130.2	20	-130.2	2.466
130.3	20	-130.3	2.459
130.4	20	-130.4	2.452
130.5	20	-130.5	2.445
130.6	20	-130.6	2.438
130.7	20	-130.7	2.431
130.8	20	-130.8	2.424
130.9	20	-130.9	2.417
131	20	-131	2.41
131.1	20	-131.1	2.406
131.2	20	-131.2	2.402
131.3	20	-131.3	2.398
131.4	20	-131.4	2.394
131.5	20	-131.5	2.39
131.6	20	-131.6	2.386
131.7	20	-131.7	2.382
131.8	20	-131.8	2.378
131.9	20	-131.9	2.374
132	20	-132	2.37
132.1	20	-132.1	2.37
132.2	20	-132.2	2.37
132.3	20	-132.3	2.37
132.4	20	-132.4	2.37
132.5	20	-132.5	2.37
132.6	20	-132.6	2.37
132.7	20	-132.7	2.37
132.8	20	-132.8	2.37
132.9	20	-132.9	2.37
133	20	-133	2.37
133.1	20	-133.1	2.372
133.2	20	-133.2	2.374
133.3	20	-133.3	2.376
133.4	20	-133.4	2.378
133.5	20	-133.5	2.38
133.6	20	-133.6	2.382
133.7	20	-133.7	2.384
133.8	20	-133.8	2.386
133.9	20	-133.9	2.388
134	20	-134	2.39
134.1	20	-134.1	2.392
134.2	20	-134.2	2.394
134.3	20	-134.3	2.396
134.4	20	-134.4	2.398
134.5	20	-134.5	2.4
134.6	20	-134.6	2.402
134.7	20	-134.7	2.404
134.8	20	-134.8	2.406
134.9	20	-134.9	2.408
135	20	-135	2.41
135.1	20	-135.1	2.412
135.2	20	-135.2	2.414
135.3	20	-135.3	2.416
135.4	20	-135.4	2.418
135.5	20	-135.5	2.42
135.6	20	-135.6	2.422
135.7	20	-135.7	2.424
135.8	20	-135.8	2.426
135.9	20	-135.9	2.428
136	20	-136	2.43
136.1	20	-136.1	2.431
136.2	20	-136.2	2.432
136.3	20	-136.3	2.433
136.4	20	-136.4	2.434
136.5	20	-136.5	2.435
136.6	20	-136.6	2.436
136.7	20	-136.7	2.437
136.8	20	-136.8	2.438
136.9	20	-136.9	2.439
137	20	-137	2.44
137.1	20	-137.1	2.441
137.2	20	-137.2	2.442
137.3	20	-137.3	2.443
137.4	20	-137.4	2.444
137.5	20	-137.5	2.445
137.6	20	-137.6	2.446
137.7	20	-137.7	2.447
137.8	20	-137.8	2.448
137.9	20	-137.9	2.449
138	20	-138	2.45
138.1	20	-138.1	2.452
138.2	20	-138.2	2.454
138.3	20	-138.3	2.456
138.4	20	-138.4	2.458
138.5	20	-138.5	2.46
138.6	20	-138.6	2.462
138.7	20	-138.7	2.464
138.8	20	-138.8	2.466
138.9	20	-138.9	2.468
139	20	-139	2.47
139.1	20	-139.1	2.474
139.2	20	-139.2	2.478
139.3	20	-139.3	2.482
139.4	20	-139.4	2.486
139.5	20	-139.5	2.49
139.6	20	-139.6	2.494
139.7	20	-139.7	2.498
139.8	20	-139.8	2.502
139.9	20	-139.9	2.506
140	20	-140	2.51
140.1	20	-140.1	2.514
140.2	20	-140.2	2.518
140.3	20	-140.3	2.522
140.4	20	-140.4	2.526
140.5	20	-140.5	2.53
140.6	20	-140.6	2.534
140.7	20	-140.7	2.538
140.8	20	-140.8	2.542
140.9	20	-140.9	2.546
141	20	-141	2.55
141.1	20	-141.1	
141.2	20	-141.2	
141.3	20	-141.3	
141.4	20	-141.4	
141.5	20	-141.5	
141.6	20	-141.6	
141.7	20	-141.7	
141.8	20	-141.8	
141.9	20	-141.9	
142	20	-142	
142.1	20	-142.1	
142.2	20	-142.2	
142.3	20	-142.3	
142.4	20	-142.4	
142.5	20	-142.5	
142.6	20	-142.6	
142.7	20	-142.7	
142.8	20	-142.8	
142.9	20	-142.9	
143	20	-143	
143.1	20	-143.1	
143.2	20	-143.2	
143.3	20	-143.3	
143.4	20	-143.4	
143.5	20	-143.5	
143.6	20	-143.6	
143.7	20	-143.7	
143.8	20	-143.8	
143.9	20	-143.9	
144	20	-144	
144.1	20	-144.1	
144.2	20	-144.2	
144.3	20	-144.3	
144.4	20	-144.4	
144.5	20	-144.5	
144.6	20	-144.6	
144.7	20	-144.7	
144.8	20	-144.8	
144.9	20	-144.9	
145	20	-145	
145.1	20	-145.1	
145.2	20	-145.2	
145.3	20	-145.3	
145.4	20	-145.4	
145.5	20	-145.5	
145.6	20	-145.6	
145.7	20	-145.7	
145.8	20	-145.8	
145.9	20	-145.9	
146	20	-146	
146.1	20	-146.1	
146.2	20	-146.2	
146.3	20	-146.3	
146.4	20	-146.4	
146.5	20	-146.5	
146.6	20	-146.6	
146.7	20	-146.7	
146.8	20	-146.8	
146.9	20	-146.9	
147	20	-147	
147.1	20	-147.1	
147.2	20	-147.2	
147.3	20	-147.3	
147.4	20	-147.4	
147.5	20	-147.5	
147.6	20	-147.6	
147.7	20	-147.7	
147.8	20	-147.8	
147.9	20	-147.9	
148	20	-148	
148.1	20	-148.1	
148.2	20	-148.2	
148.3	20	-148.3	
148.4	20	-148.4	
148.5	20	-148.5	
148.6	20	-148.6	
148.7	20	-148.7	
148.8	20	-148.8	
148.9	20	-148.9	
149	20	-149	
149.1	20	-149.1	
149.2	20	-149.2	
149.3	20	-149.3	
149.4	20	-149.4	
149.5	20	-149.5	
149.6	20	-149.6	
149.7	20	-149.7	
149.8	20	-149.8	
149.9	20	-149.9	
150	20	-150	
150.1	20	-150.1	
150.2	20	-150.2	
150.3	20	-150.3	
150.4	20	-150.4	
150.5	20	-150.5	
150.6	20	-150.6	
150.7	20	-150.7	
150.8	20	-150.8	
150.9	20	-150.9	
151	20	-151	
151.1	20	-151.1	
151.2	20	-151.2	
151.3	20	-151.3	
151.4	20	-151.4	
151.5	20	-151.5	
151.6	20	-151.6	
151.7	20	-151.7	
151.8	20	-151.8	
151.9	20	-151.9	
152	20	-152	
152.1	20	-152.1	
152.2	20	-152.2	
152.3	20	-152.3	
152.4	20	-152.4	
152.5	20	-152.5	
152.6	20	-152.6	
152.7	20	-152.7	
152.8	20	-152.8	
152.9	20	-152.9	
153	20	-153	
153.1	20	-153.1	
153.2	20	-153.2	
153.3	20	-153.3	
153.4	20	-153.4	
153.5	20	-153.5	
153.6	20	-153.6	
153.7	20	-153.7	
153.8	20	-153.8	
153.9	20	-153.9	
154	20	-154	
154.1	20	-154.1	
154.2	20	-154.2	
154.3	20	-154.3	
154.4	20	-154.4	
154.5	20	-154.5	
154.6	20	-154.6	
154.7	20	-154.7	
154.8	20	-154.8	
154.9	20	-154.9	
155	20	-155	
155.1	20	-155.1	
155.2	20	-155.2	
155.3	20	-155.3	
155.4	20	-155.4	
155.5	20	-155.5	
155.6	20	-155.6	
155.7	20	-155.7	
155.8	20	-155.8	
155.9	20	-155.9	
156	20	-156	
156.1	20	-156.1	
156.2	20	-156.2	
156.3	20	-156.3	
156.4	20	-156.4	
156.5	20	-156.5	
156.6	20	-156.6	
156.7	20	-156.7	
156.8	20	-156.8	
156.9	20	-156.9	
157	20	-157	
157.1	20	-157.1	
157.2	20	-157.2	
157.3	20	-157.3	
157.4	20	-157.4	
157.5	20	-157.5	
157.6	20	-157.6	
157.7	20	-157.7	
157.8	20	-157.8	
157.9	20	-157.9	
158	20	-158	
158.1	20	-158.1	
158.2	20	-158.2	
158.3	20	-158.3	
158.4	20	-158.4	
158.5	20	-158.5	
158.6	20	-158.6	
158.7	20	-158.7	
158.8	20	-158.8	
158.9	20	-158.9	
159	20	-159	
159.1	20	-159.1	
159.2	20	-159.2	
159.3	20	-159.3	
159.4	20	-159.4	
159.5	20	-159.5	
159.6	20	-159.6	
159.7	20	-159.7	
159.8	20	-159.8	
159.9	20	-159.9	
160	20	-160	
160.1	20	-160.1	
160.2	20	-160.2	
160.3	20	-160.3	
160.4	20	-160.4	
160.5	20	-160.5	
160.6	20	-160.6	
160.7	20	-160.7	
160.8	20	-160.8	
160.9	20	-160.9	
161	20	-161	
161.1	20	-161.1	
161.2	20	-161.2	
161.3	20	-161.3	
161.4	20	-161.4	
161.5	20	-161.5	
161.6	20	-161.6	
161.7	20	-161.7	
161.8	20	-161.8	
161.9	20	-161.9	
162	20	-162	
162.1	20	-162.1	
162.2	20	-162.2	
162.3	20	-162.3	
162.4	20	-162.4	
162.5	20	-162.5	
162.6	20	-162.6	
162.7	20	-162.7	
162.8	20	-162.8	
162.9	20	-162.9	
163	20	-163	
163.1	20	-163.1	
163.2	20	-163.2	
163.3	20	-163.3	
163.4	20	-163.4	
163.5	20	-163.5	
163.6	20	-163.6	
163.7	20	-163.7	
163.8	20	-163.8	
163.9	20	-163.9	
164	20	-164	
164.1	20	-164.1	
164.2	20	-164.2	
164.3	20	-164.3	
164.4	20	-164.4	
164.5	20	-164.5	
164.6	20	-164.6	
164.7	20	-164.7	
164.8	20	-164.8	
164.9	20	-164.9	
165	20	-165	
